P 0
359.831236   359.345947
353.730462   352.829211
341.320934   340.835645
325.930346   325.514384
304.993600   304.300330
301.735232   300.972635
284.750124   283.987527
261.733569   261.317607
249.185386   248.630771
240.796823   240.034226
233.725471   232.893548
185.751206   185.127263
173.618986   173.203024
173.133697   169.736675
169.667348   169.043405
157.049839   156.495223
134.865208   134.449246
126.961933   120.722505
113.581827   112.819230
106.233168   105.609225
78.779686   74.065452
69.559199   68.865929
53.544668   53.059379
48.830434   47.513221
29.488208   29.072247
25.813879   25.120609
21.862241   20.753010
20.683683   13.057716
6.610307   5.917037
-51.277715   -52.040312
-52.594928   -53.288198
-63.617917   -64.380513
-71.937153   -72.491769
-72.561096   -73.046385
-82.544180   -83.237450
-103.896888   -104.590158
-136.480565   -136.896527
-163.171450   -163.726066
