Atom 1 Atom 2 x/a y/b z/c d 1.2 [A]
F1 F2 0.41810 0.50240 0.29687 2.1481
 F3 0.33720 0.35690 0.43550 2.1482
 F3 0.16280 0.85690 0.56450 3.0324
 F1 0.67150 0.71730 0.59779 3.4243
 F2 0.58190 0.50240 0.70313 3.4884
 F3 0.33720 135.690 0.43550 3.7825
 F3 0.66280 0.35690 0.56450 3.9232
 F1 0.17150 121.730 0.59779 4.3063
 F1 0.17150 0.21730 0.59779 4.3063
 F2 -0.08190 100.240 0.29687 4.4187
 F2 0.41810 150.240 0.29687 4.9405
 F3 0.66280 135.690 0.56450 5.0084
 F2 0.08190 100.240 0.70313 5.1572
 F3 0.83720 0.85690 0.43550 5.3889
 F3 -0.16280 0.85690 0.43550 5.4816
 F2 0.58190 150.240 0.70313 5.6537
 F3 0.16280 -0.14310 0.56450 5.8496
 F2 -0.08190 0.00240 0.29687 5.8691
 F1 0.32850 171.730 0.40221 5.8920
 F1 0.32850 -0.28270 0.40221 5.8920
 F1 -0.17150 121.730 0.40221 6.1189
 F1 -0.17150 0.21730 0.40221 6.1189
 F1 0.82850 121.730 0.40221 6.1189
 F1 0.82850 0.21730 0.40221 6.1189
 F2 0.08190 0.00240 0.70313 6.4434
 F1 0.67150 171.730 0.59779 6.8148
 F1 0.67150 -0.28270 0.59779 6.8148
 F2 0.08190 100.240 -0.29687 6.9706
 F2 0.91810 100.240 0.29687 7.0472
 F3 0.16280 185.690 0.56450 7.3215
 F3 0.83720 -0.14310 0.43550 7.3528
 F2 0.41810 -0.49760 0.29687 7.3655
 F3 -0.16280 -0.14310 0.43550 7.4210
 F2 108.190 100.240 0.70313 7.5962
 F2 0.58190 -0.49760 0.70313 7.8617
 F2 0.08190 0.00240 -0.29687 7.9693
 F3 0.33720 -0.64310 0.43550 8.0221
 F2 0.91810 0.00240 0.29687 8.0364
 F1 -0.32850 0.71730 0.59779 8.0950
 F3 -0.33720 0.35690 0.56450 8.2576
 F3 0.16280 0.85690 -0.43550 8.3269
 F3 116.280 0.85690 0.56450 8.4526
 F1 0.17150 121.730 -0.40221 8.4892
 F1 0.17150 0.21730 -0.40221 8.4892
 F2 108.190 0.00240 0.70313 8.5219
 F2 -0.41810 0.50240 -0.29687 8.5386
 F3 0.83720 185.690 0.43550 8.5702
 F1 -0.32850 0.71730 -0.40221 8.5940
 F2 -0.08190 200.240 0.29687 8.6044
 F3 -0.16280 185.690 0.43550 8.6288
 F3 0.66280 -0.64310 0.56450 8.6678
 F3 -0.33720 135.690 0.56450 8.8250
 F2 0.58190 0.50240 -0.29687 8.9082
 F1 117.150 121.730 0.59779 8.9324
 F1 117.150 0.21730 0.59779 8.9324
 F2 0.08190 200.240 0.70313 9.0060
 F3 -0.33720 0.35690 -0.43550 9.1178
 F2 0.91810 100.240 129.687 9.1736
 F2 0.41810 0.50240 129.687 9.1816
 F1 0.17150 -0.78270 0.59779 9.3795
 F1 0.17150 221.730 0.59779 9.3795
 F3 -0.16280 0.85690 -0.56450 9.4579
 F2 -0.58190 0.50240 0.29687 9.4617
 F2 -0.41810 150.240 -0.29687 9.6282
 F3 -0.33720 135.690 -0.43550 9.6346
 F3 0.33720 235.690 0.43550 9.6660
 F3 0.16280 -0.14310 -0.43550 9.7139
 F2 -0.41810 0.50240 0.70313 9.8036
 F3 116.280 -0.14310 0.56450 9.8219
 F2 0.91810 0.00240 129.687 9.9537
 F2 0.58190 150.240 -0.29687 9.9575
F2 F1 0.32850 0.71730 0.40221 2.1481
 F3 0.33720 0.35690 0.43550 2.1539
 F3 0.66280 0.35690 0.56450 3.1097
 F1 0.67150 0.71730 0.59779 3.4884
 F2 0.58190 0.50240 0.70313 3.9278
 F1 0.82850 0.21730 0.40221 4.4187
 F3 0.83720 0.85690 0.43550 4.6320
 F1 0.32850 -0.28270 0.40221 4.9405
 F3 0.16280 0.85690 0.56450 5.0994
 F1 0.17150 0.21730 0.59779 5.1572
 F3 0.33720 135.690 0.43550 5.4086
 F3 0.83720 -0.14310 0.43550 5.6177
 F1 0.67150 -0.28270 0.59779 5.6537
 F3 0.66280 135.690 0.56450 5.8552
 F1 0.82850 121.730 0.40221 5.8691
 F2 0.41810 150.240 0.29687 5.8920
 F2 0.41810 -0.49760 0.29687 5.8920
 F3 0.16280 -0.14310 0.56450 6.0088
 F2 0.91810 100.240 0.29687 6.1189
 F2 -0.08190 100.240 0.29687 6.1189
 F2 0.91810 0.00240 0.29687 6.1189
 F2 -0.08190 0.00240 0.29687 6.1189
 F1 0.17150 121.730 0.59779 6.4434
 F2 0.08190 100.240 -0.29687 6.5457
 F2 0.08190 0.00240 -0.29687 6.5457
 F1 0.17150 0.21730 -0.40221 6.9706
 F3 0.33720 -0.64310 0.43550 7.0326
 F1 -0.17150 0.21730 0.40221 7.0472
 F2 0.58190 150.240 0.70313 7.0812
 F2 0.58190 -0.49760 0.70313 7.0812
 F2 0.58190 0.50240 -0.29687 7.1474
 F2 0.08190 100.240 0.70313 7.2377
 F2 0.08190 0.00240 0.70313 7.2377
 F3 -0.16280 0.85690 0.43550 7.2527
 F2 108.190 100.240 0.70313 7.3043
 F2 108.190 0.00240 0.70313 7.3043
 F1 0.32850 171.730 0.40221 7.3655
 F3 0.66280 -0.64310 0.56450 7.3816
 F3 0.16280 0.85690 -0.43550 7.3901
 F1 117.150 0.21730 0.59779 7.5962
 F3 116.280 0.85690 0.56450 7.6234
 F1 0.67150 171.730 0.59779 7.8617
 F3 -0.16280 -0.14310 0.43550 7.9186
 F1 0.17150 121.730 -0.40221 7.9693
 F1 -0.17150 121.730 0.40221 8.0364
 F3 0.16280 -0.14310 -0.43550 8.0446
 F3 116.280 -0.14310 0.56450 8.2594
 F1 117.150 121.730 0.59779 8.5219
 F1 -0.32850 0.71730 -0.40221 8.5386
 F1 0.82850 -0.78270 0.40221 8.6044
 F2 -0.41810 0.50240 -0.29687 8.6472
 F3 -0.33720 0.35690 -0.43550 8.7189
 F3 0.33720 0.35690 -0.56450 8.8152
 F1 0.67150 0.71730 -0.40221 8.9082
 F3 -0.16280 0.85690 -0.56450 8.9708
 F3 0.83720 185.690 0.43550 8.9880
 F1 0.17150 -0.78270 0.59779 9.0060
 F3 0.66280 0.35690 -0.43550 9.1365
 F1 -0.17150 0.21730 -0.59779 9.1736
 F1 0.32850 0.71730 -0.59779 9.1816
 F3 0.16280 185.690 0.56450 9.2376
 F2 0.58190 150.240 -0.29687 9.2629
 F2 0.58190 -0.49760 -0.29687 9.2629
 F3 133.720 0.35690 0.43550 9.4096
 F1 132.850 0.71730 0.40221 9.4617
 F3 -0.16280 -0.14310 -0.56450 9.5172
 F3 -0.33720 0.35690 0.56450 9.6231
 F1 -0.32850 -0.28270 -0.40221 9.6282
 F1 -0.32850 0.71730 0.59779 9.8036
 F1 -0.17150 121.730 -0.59779 9.9537
 F1 0.67150 -0.28270 -0.40221 9.9575
F3 F1 0.32850 0.71730 0.40221 2.1482
 F2 0.41810 0.50240 0.29687 2.1539
 F1 0.17150 0.21730 0.59779 3.0324
 F2 0.58190 0.50240 0.70313 3.1097
 F3 0.66280 0.35690 0.56450 3.2017
 F1 0.32850 -0.28270 0.40221 3.7825
 F1 0.67150 0.71730 0.59779 3.9232
 F3 0.16280 0.85690 0.56450 4.0078
 F3 0.16280 -0.14310 0.56450 4.0078
 F2 -0.08190 0.00240 0.29687 4.6320
 F1 0.67150 -0.28270 0.59779 5.0084
 F2 0.08190 0.00240 0.70313 5.0994
 F1 -0.17150 0.21730 0.40221 5.3889
 F2 0.41810 -0.49760 0.29687 5.4086
 F1 0.82850 0.21730 0.40221 5.4816
 F2 -0.08190 100.240 0.29687 5.6177
 F1 0.17150 121.730 0.59779 5.8496
 F2 0.58190 -0.49760 0.70313 5.8552
 F3 0.33720 -0.64310 0.43550 5.8920
 F3 0.33720 135.690 0.43550 5.8920
 F2 0.08190 100.240 0.70313 6.0088
 F3 -0.16280 -0.14310 0.43550 6.1189
 F3 0.83720 -0.14310 0.43550 6.1189
 F3 -0.16280 0.85690 0.43550 6.1189
 F3 0.83720 0.85690 0.43550 6.1189
 F3 0.66280 -0.64310 0.56450 6.7057
 F3 0.66280 135.690 0.56450 6.7057
 F2 0.41810 150.240 0.29687 7.0326
 F2 0.91810 0.00240 0.29687 7.2527
 F1 0.17150 -0.78270 0.59779 7.3215
 F1 -0.17150 121.730 0.40221 7.3528
 F2 0.58190 150.240 0.70313 7.3816
 F2 0.08190 0.00240 -0.29687 7.3901
 F1 0.82850 121.730 0.40221 7.4210
 F2 108.190 0.00240 0.70313 7.6234
 F3 -0.33720 0.35690 0.56450 7.8765
 F2 0.91810 100.240 0.29687 7.9186
 F1 0.32850 171.730 0.40221 8.0221
 F2 0.08190 100.240 -0.29687 8.0446
 F1 -0.32850 0.71730 0.59779 8.2576
 F2 108.190 100.240 0.70313 8.2594
 F1 0.17150 0.21730 -0.40221 8.3269
 F1 117.150 0.21730 0.59779 8.4526
 F1 -0.17150 -0.78270 0.40221 8.5702
 F1 0.82850 -0.78270 0.40221 8.6288
 F1 0.67150 171.730 0.59779 8.6678
 F2 -0.41810 0.50240 -0.29687 8.7189
 F2 0.41810 0.50240 129.687 8.8152
 F1 -0.32850 -0.28270 0.59779 8.8250
 F3 116.280 0.85690 0.56450 8.9062
 F3 116.280 -0.14310 0.56450 8.9062
 F2 0.91810 0.00240 129.687 8.9708
 F2 -0.08190 -0.99760 0.29687 8.9880
 F3 0.16280 0.85690 -0.43550 9.1007
 F3 0.16280 -0.14310 -0.43550 9.1007
 F1 -0.32850 0.71730 -0.40221 9.1178
 F2 0.58190 0.50240 -0.29687 9.1365
 F3 -0.33720 0.35690 -0.43550 9.1435
 F2 0.08190 -0.99760 0.70313 9.2376
 F3 0.16280 185.690 0.56450 9.2463
 F3 0.16280 -114.310 0.56450 9.2463
 F2 -0.58190 0.50240 0.29687 9.4096
 F1 0.82850 0.21730 140.221 9.4579
 F2 0.91810 100.240 129.687 9.5172
 F2 -0.41810 0.50240 0.70313 9.6231
 F1 -0.32850 -0.28270 -0.40221 9.6346
 F1 0.32850 -128.270 0.40221 9.6660
 F1 0.17150 121.730 -0.40221 9.7139
 F1 117.150 121.730 0.59779 9.8219
 F3 -0.33720 135.690 0.56450 9.8364
 F3 -0.33720 -0.64310 0.56450 9.8364
