Atom 1 Atom 2 x/a y/b z/c d 1.2 [A]
F1 F3 0.33720 0.35690 0.43550 2.1524
 F2 0.41810 0.50240 0.29687 2.1872
 F3 0.16280 0.85690 0.56450 3.1098
 F1 0.67150 0.71730 0.59779 3.5233
 F2 0.58190 0.50240 0.70313 3.5675
 F3 0.33720 1.35690 0.43550 3.7885
 F3 0.66280 0.35690 0.56450 4.0064
 F1 0.17150 1.21730 0.59779 4.3712
 F1 0.17150 0.21730 0.59779 4.3712
 F2 -0.08190 1.00240 0.29687 4.5332
 F2 0.41810 1.50240 0.29687 4.9633
 F3 0.66280 1.35690 0.56450 5.0766
 F2 0.08190 1.00240 0.70313 5.2825
 F3 0.83720 0.85690 0.43550 5.5471
 F3 -0.16280 0.85690 0.43550 5.6415
 F2 0.58190 1.50240 0.70313 5.7077
 F3 0.16280 -0.14310 0.56450 5.8961
 F1 0.32850 1.71730 0.40221 5.9003
 F1 0.32850 -0.28270 0.40221 5.9003
 F2 -0.08190 0.00240 0.29687 5.9592
 F1 -0.17150 1.21730 0.40221 6.2620
 F1 0.82850 1.21730 0.40221 6.2620
 F1 -0.17150 0.21730 0.40221 6.2620
 F1 0.82850 0.21730 0.40221 6.2620
 F2 0.08190 0.00240 0.70313 6.5473
 F1 0.67150 1.71730 0.59779 6.8722
 F1 0.67150 -0.28270 0.59779 6.8722
 F2 0.08190 1.00240 -0.29687 7.1281
 F2 0.91810 1.00240 0.29687 7.2443
 F3 0.16280 1.85690 0.56450 7.3623
 F2 0.41810 -0.49760 0.29687 7.3865
 F3 0.83720 -0.14310 0.43550 7.4742
 F3 -0.16280 -0.14310 0.43550 7.5445
 F2 1.08190 1.00240 0.70313 7.8110
 F2 0.58190 -0.49760 0.70313 7.9059
 F3 0.33720 -0.64310 0.43550 8.0337
 F2 0.08190 0.00240 -0.29687 8.1101
 F2 0.91810 0.00240 0.29687 8.2124
 F1 -0.32850 0.71730 0.59779 8.3315
 F3 -0.33720 0.35690 0.56450 8.4850
 F3 0.16280 0.85690 -0.43550 8.5238
 F1 0.17150 1.21730 -0.40221 8.6692
 F1 0.17150 0.21730 -0.40221 8.6692
 F2 -0.08190 2.00240 0.29687 8.6726
 F3 0.83720 1.85690 0.43550 8.6778
 F3 1.16280 0.85690 0.56450 8.7042
 F3 0.66280 -0.64310 0.56450 8.7154
 F2 1.08190 0.00240 0.70313 8.7163
 F3 -0.16280 1.85690 0.43550 8.7384
 F2 -0.41810 0.50240 -0.29687 8.7639
 F1 -0.32850 0.71730 -0.40221 8.8150
 F3 -0.33720 1.35690 0.56450 9.0397
 F2 0.08190 2.00240 0.70313 9.0867
 F2 0.58190 0.50240 -0.29687 9.1318
 F1 1.17150 1.21730 0.59779 9.1730
 F1 1.17150 0.21730 0.59779 9.1730
 F3 -0.33720 0.35690 -0.43550 9.3394
 F2 0.91810 1.00240 1.29687 9.3951
 F2 0.41810 0.50240 1.29687 9.3983
 F1 0.17150 2.21730 0.59779 9.4199
 F1 0.17150 -0.78270 0.59779 9.4199
 F3 0.33720 2.35690 0.43550 9.6798
 F3 -0.16280 0.85690 -0.56450 9.6859
 F2 -0.58190 0.50240 0.29687 9.7412
 F2 -0.41810 1.50240 -0.29687 9.8314
 F3 -0.33720 1.35690 -0.43550 9.8460
 F3 0.16280 -0.14310 -0.43550 9.8868
F2 F1 0.32850 0.71730 0.40221 2.1872
 F3 0.33720 0.35690 0.43550 2.2021
 F3 0.66280 0.35690 0.56450 3.1854
 F1 0.67150 0.71730 0.59779 3.5675
 F2 0.58190 0.50240 0.70313 4.0220
 F1 0.82850 0.21730 0.40221 4.5332
 F3 0.83720 0.85690 0.43550 4.7438
 F1 0.32850 -0.28270 0.40221 4.9633
 F3 0.16280 0.85690 0.56450 5.2166
 F1 0.17150 0.21730 0.59779 5.2825
 F3 0.33720 1.35690 0.43550 5.4343
 F1 0.67150 -0.28270 0.59779 5.7077
 F3 0.83720 -0.14310 0.43550 5.7126
 F2 0.41810 1.50240 0.29687 5.9003
 F2 0.41810 -0.49760 0.29687 5.9003
 F3 0.66280 1.35690 0.56450 5.9017
 F1 0.82850 1.21730 0.40221 5.9592
 F3 0.16280 -0.14310 0.56450 6.1109
 F2 0.91810 1.00240 0.29687 6.2620
 F2 -0.08190 1.00240 0.29687 6.2620
 F2 -0.08190 0.00240 0.29687 6.2620
 F2 0.91810 0.00240 0.29687 6.2620
 F1 0.17150 1.21730 0.59779 6.5473
 F2 0.08190 1.00240 -0.29687 6.6758
 F2 0.08190 0.00240 -0.29687 6.6758
 F3 0.33720 -0.64310 0.43550 7.0564
 F1 0.17150 0.21730 -0.40221 7.1281
 F2 0.58190 1.50240 0.70313 7.1407
 F2 0.58190 -0.49760 0.70313 7.1407
 F1 -0.17150 0.21730 0.40221 7.2443
 F2 0.58190 0.50240 -0.29687 7.3279
 F1 0.32850 1.71730 0.40221 7.3865
 F2 0.08190 1.00240 0.70313 7.4028
 F2 0.08190 0.00240 0.70313 7.4028
 F3 0.66280 -0.64310 0.56450 7.4223
 F3 -0.16280 0.85690 0.43550 7.4492
 F2 1.08190 1.00240 0.70313 7.4818
 F2 1.08190 0.00240 0.70313 7.4818
 F3 0.16280 0.85690 -0.43550 7.5536
 F1 1.17150 0.21730 0.59779 7.8110
 F3 1.16280 0.85690 0.56450 7.8342
 F1 0.67150 1.71730 0.59779 7.9059
 F3 -0.16280 -0.14310 0.43550 8.1007
 F1 0.17150 1.21730 -0.40221 8.1101
 F3 0.16280 -0.14310 -0.43550 8.1968
 F1 -0.17150 1.21730 0.40221 8.2124
 F3 1.16280 -0.14310 0.56450 8.4561
 F1 0.82850 -0.78270 0.40221 8.6726
 F1 1.17150 1.21730 0.59779 8.7163
 F1 -0.32850 0.71730 -0.40221 8.7639
 F2 -0.41810 0.50240 -0.29687 8.8908
 F3 -0.33720 0.35690 -0.43550 8.9503
 F3 0.33720 0.35690 -0.56450 9.0252
 F3 0.83720 1.85690 0.43550 9.0554
 F1 0.17150 -0.78270 0.59779 9.0867
 F1 0.67150 0.71730 -0.40221 9.1318
 F3 -0.16280 0.85690 -0.56450 9.1836
 F3 0.16280 1.85690 0.56450 9.3118
 F3 0.66280 0.35690 -0.43550 9.3673
 F1 -0.17150 0.21730 -0.59779 9.3951
 F1 0.32850 0.71730 -0.59779 9.3983
 F2 0.58190 -0.49760 -0.29687 9.4080
 F2 0.58190 1.50240 -0.29687 9.4080
 F3 1.33720 0.35690 0.43550 9.6902
 F3 -0.16280 -0.14310 -0.56450 9.7196
 F1 1.32850 0.71730 0.40221 9.7412
 F1 -0.32850 -0.28270 -0.40221 9.8314
 F3 -0.33720 0.35690 0.56450 9.9006
F3 F1 0.32850 0.71730 0.40221 2.1524
 F2 0.41810 0.50240 0.29687 2.2021
 F1 0.17150 0.21730 0.59779 3.1098
 F2 0.58190 0.50240 0.70313 3.1854
 F3 0.66280 0.35690 0.56450 3.2966
 F1 0.32850 -0.28270 0.40221 3.7885
 F1 0.67150 0.71730 0.59779 4.0064
 F3 0.16280 -0.14310 0.56450 4.0627
 F3 0.16280 0.85690 0.56450 4.0627
 F2 -0.08190 0.00240 0.29687 4.7438
 F1 0.67150 -0.28270 0.59779 5.0766
 F2 0.08190 0.00240 0.70313 5.2166
 F2 0.41810 -0.49760 0.29687 5.4343
 F1 -0.17150 0.21730 0.40221 5.5471
 F1 0.82850 0.21730 0.40221 5.6415
 F2 -0.08190 1.00240 0.29687 5.7126
 F1 0.17150 1.21730 0.59779 5.8961
 F3 0.33720 -0.64310 0.43550 5.9003
 F3 0.33720 1.35690 0.43550 5.9003
 F2 0.58190 -0.49760 0.70313 5.9017
 F2 0.08190 1.00240 0.70313 6.1109
 F3 0.83720 0.85690 0.43550 6.2620
 F3 -0.16280 -0.14310 0.43550 6.2620
 F3 0.83720 -0.14310 0.43550 6.2620
 F3 -0.16280 0.85690 0.43550 6.2620
 F3 0.66280 -0.64310 0.56450 6.7588
 F3 0.66280 1.35690 0.56450 6.7588
 F2 0.41810 1.50240 0.29687 7.0564
 F1 0.17150 -0.78270 0.59779 7.3623
 F2 0.58190 1.50240 0.70313 7.4223
 F2 0.91810 0.00240 0.29687 7.4492
 F1 -0.17150 1.21730 0.40221 7.4742
 F1 0.82850 1.21730 0.40221 7.5445
 F2 0.08190 0.00240 -0.29687 7.5536
 F2 1.08190 0.00240 0.70313 7.8342
 F1 0.32850 1.71730 0.40221 8.0337
 F2 0.91810 1.00240 0.29687 8.1007
 F3 -0.33720 0.35690 0.56450 8.1090
 F2 0.08190 1.00240 -0.29687 8.1968
 F2 1.08190 1.00240 0.70313 8.4561
 F1 -0.32850 0.71730 0.59779 8.4850
 F1 0.17150 0.21730 -0.40221 8.5238
 F1 -0.17150 -0.78270 0.40221 8.6778
 F1 1.17150 0.21730 0.59779 8.7042
 F1 0.67150 1.71730 0.59779 8.7154
 F1 0.82850 -0.78270 0.40221 8.7384
 F2 -0.41810 0.50240 -0.29687 8.9503
 F2 0.41810 0.50240 1.29687 9.0252
 F1 -0.32850 -0.28270 0.59779 9.0397
 F2 -0.08190 -0.99760 0.29687 9.0554
 F3 1.16280 -0.14310 0.56450 9.1463
 F3 1.16280 0.85690 0.56450 9.1463
 F2 0.91810 0.00240 1.29687 9.1836
 F3 0.16280 -1.14310 0.56450 9.2808
 F3 0.16280 1.85690 0.56450 9.2808
 F3 0.16280 0.85690 -0.43550 9.2967
 F3 0.16280 -0.14310 -0.43550 9.2967
 F2 0.08190 -0.99760 0.70313 9.3118
 F1 -0.32850 0.71730 -0.40221 9.3394
 F2 0.58190 0.50240 -0.29687 9.3673
 F3 -0.33720 0.35690 -0.43550 9.3766
 F1 0.32850 -1.28270 0.40221 9.6798
 F1 0.82850 0.21730 1.40221 9.6859
 F2 -0.58190 0.50240 0.29687 9.6902
 F2 0.91810 1.00240 1.29687 9.7196
 F1 -0.32850 -0.28270 -0.40221 9.8460
 F1 0.17150 1.21730 -0.40221 9.8868
 F2 -0.41810 0.50240 0.70313 9.9006
