P 0
363.701644   363.216356
350.252212   349.558942
346.300574   345.815286
340.615763   340.130474
287.026013   286.610051
282.242452   281.757163
275.448409   274.755139
274.755139   274.339177
250.629353   249.866756
248.341562   247.856274
207.230668   206.468071
173.329778   169.724776
169.724776   169.308814
153.987553   153.294283
127.158015   120.641279
95.752896   95.267608
78.490480   73.776246
70.656532   70.101917
56.513830   56.097868
31.209485   30.793523
27.535156   26.841886
20.394477   19.770535
19.701208   19.215919
19.146592   18.522649
18.522649   14.432358
12.005914   11.312644
8.678219   8.054276
-25.846613   -26.401229
-38.256141   -38.810757
-64.669718   -65.155007
-71.533088   -72.157031
-86.022425   -86.646368
-105.503304   -106.196574
-114.307830   -114.931773
-115.209081   -115.694369
-115.763696   -116.248985
-144.187755   -144.950352
-172.542487   -172.958449
