P 0
360.649578   360.164303
354.202359   353.786410
327.720236   327.304287
325.848463   325.085889
324.115340   323.699390
320.649093   320.233144
308.655880   308.239931
307.200057   306.714782
306.506808   305.466934
301.030138   300.544864
297.355917   296.939967
286.125278   285.709328
283.698906   282.936331
272.260292   271.775018
269.903244   269.487295
265.882398   265.327799
262.277502   261.722903
240.786774   240.301499
234.963480   234.547530
230.249384   229.833435
208.065407   207.580132
207.164183   206.678908
192.605947   191.912698
189.209026   188.793076
180.335435   179.919485
173.264292   172.709692
172.709692   170.976569
170.907244   170.491295
154.546561   154.199936
149.555166   148.931241
147.198118   146.712844
143.177272   142.691998
142.622673   141.929423
129.450936   129.034986
127.301863   126.816589
126.816589   122.171818
122.171818   120.854645
108.653457   108.098857
96.729569   96.313619
92.916698   92.500748
85.221630   84.805681
77.665213   75.446815
67.543773   66.711874
65.949300   65.533350
62.552378   61.997779
60.819255   60.403305
30.732235   30.246961
21.858644   21.096070
17.491174   14.926151
-8.644325   -9.129599
-10.724073   -11.209347
-14.467619   -15.022219
-25.490283   -25.975557
-32.145476   -32.700076
-32.769401   -33.185350
-55.369328   -55.785277
-58.488950   -58.974224
-75.820182   -76.305457
-81.990101   -82.406051
-84.971073   -85.387023
-88.229345   -88.645294
-88.645294   -89.130569
-93.775339   -94.537913
-104.590028   -105.005978
-109.858723   -110.343997
-116.791216   -117.207166
-119.772188   -120.326787
-126.843331   -127.397930
-136.132871   -136.618146
-140.292367   -140.916292
-146.254311   -146.808911
-154.573303   -155.543852
-170.448712   -171.003311
-174.469558   -174.885507
-179.460953   -180.015552
