P 0
360.744900   360.190300
354.250020   353.777744
327.815558   327.282623
325.913455   325.098887
320.744415   320.246142
308.738204   308.244264
307.256383   306.727781
306.554468   305.501596
301.069133   300.549196
297.403578   296.922636
286.207601   285.700663
283.768230   282.953663
277.810619   277.364340
272.294954   271.801014
269.937907   269.482962
265.973387   265.319133
262.342494   261.705571
243.785077   243.312801
240.843100   240.323163
238.733023   238.269412
235.058801   234.551863
230.336041   229.816104
208.104402   207.597463
207.246506   206.687574
192.644943   191.934362
189.300015   188.801742
180.374430   179.941149
173.307620   172.740022
172.735689   170.963571
170.959238   170.478296
154.628884   154.182605
149.598494   148.939907
147.258777   146.699845
143.207602   142.678999
142.674666   141.933756
132.709208   132.197936
129.507262   129.008989
127.384186   126.864249
126.859917   122.197815
122.193482   120.884974
96.816225   96.330951
93.007687   92.522412
85.299621   84.810014
77.712874   75.455481
67.591434   66.703209
65.996961   65.507353
62.587041   62.028109
60.901578   60.403305
30.801560   30.251294
21.923636   21.078739
17.577830   14.930484
-8.566334   -9.116601
-10.650415   -11.239677
-14.393961   -15.017886
-25.459953   -25.992889
-32.097815   -32.695743
-32.730405   -33.189683
-55.300003   -55.785277
-58.428290   -58.961226
-75.742192   -76.335786
-81.951106   -82.427715
-84.897415   -85.391355
-88.164353   -88.632296
-88.636629   -89.113238
-93.723345   -94.559577
-104.512038   -104.984314
-109.811062   -110.343997
-116.704560   -117.185502
-119.702863   -120.318122
-126.795670   -127.393597
-136.102542   -136.626812
-140.236041   -140.929290
-146.189319   -146.830575
-154.516976   -155.565516
-170.375054   -171.003311
-174.426230   -174.876842
-179.430623   -179.993888
