    1      50.000u     1.000e+00     9.996e-01   -3.947e-04
    2     100.000u     2.394e-01     2.418e-01    2.437e-03
    3     200.000u     2.804e-02     1.415e-02   -1.389e-02
    4     500.000u     1.031e-02     2.834e-06   -1.031e-02
    5     750.000u     9.093e-03     2.347e-09   -9.093e-03
    6       1.000m     7.074e-03     1.944e-12   -7.074e-03
    7       2.000m     3.637e-03     9.146e-25   -3.637e-03
    8       3.000m     0.000e+00     4.303e-37    4.303e-37
    9       5.000m     0.000e+00     9.524e-62    9.524e-62

