    1      50.000u     1.000e+00     9.957e-01   -4.287e-03
    2     100.000u     3.447e-01     3.624e-01    1.763e-02
    3     200.000u     9.192e-02     4.799e-02   -4.394e-02
    4     500.000u     6.141e-02     1.115e-04   -6.130e-02
    5     750.000u     5.370e-02     7.113e-07   -5.370e-02
    6       1.000m     4.809e-02     4.540e-09   -4.809e-02
    7       2.000m     2.732e-02     7.532e-18   -2.732e-02
    8       3.000m     1.441e-02     1.250e-26   -1.441e-02
    9       5.000m     4.633e-03     3.440e-44   -4.633e-03

