    1      10.000u     1.000e+00     1.019e+00    1.923e-02
    2      25.000u     7.163e-01     6.769e-01   -3.943e-02
    3      50.000u     3.346e-01     3.433e-01    8.741e-03
    4      75.000u     1.559e-01     1.754e-01    1.951e-02
    5     100.000u     8.281e-02     9.082e-02    8.012e-03
    6     150.000u     2.497e-02     2.684e-02    1.863e-03
    7     200.000u     1.305e-02     1.062e-02   -2.431e-03
    8     250.000u     1.021e-02     6.512e-03   -3.700e-03
    9     300.000u     9.240e-03     5.471e-03   -3.769e-03
   10     350.000u     8.750e-03     5.207e-03   -3.543e-03
   11     400.000u     8.435e-03     5.140e-03   -3.295e-03
   12     450.000u     8.103e-03     5.123e-03   -2.979e-03
   13     500.000u     8.105e-03     5.119e-03   -2.986e-03
   14     600.000u     7.706e-03     5.118e-03   -2.588e-03
   15     750.000u     6.974e-03     5.117e-03   -1.857e-03
   16       1.000m     6.189e-03     5.117e-03   -1.072e-03
   17       1.500m     4.278e-03     5.117e-03    8.388e-04
   18       2.000m     3.461e-03     5.117e-03    1.656e-03
   19       3.000m     1.715e-03     5.117e-03    3.402e-03
   20       5.000m     7.222e-04     5.116e-03    4.394e-03


