P 0
364.077698   363.384428
341.338450   340.922488
322.342859   321.926897
287.263410   286.708794
284.975620   284.421004
283.381100   282.895811
272.288784   271.734168
253.015885   252.530596
238.179912   237.417316
236.169430   235.545487
226.255673   225.562403
220.432207   219.946918
204.348349   203.793733
172.596594   170.724766
159.632450   159.147161
126.910118   120.947999
77.341332   75.261522
62.505359   62.020070
48.431983   47.738714
18.898692   18.136095
17.997442   14.808401
14.739074   14.323112
8.568973   8.014357
-14.794217   -15.695468
-16.388738   -17.567296
-55.073189   -55.558478
-112.614578   -113.377175
-128.421128   -128.837090
-131.332861   -132.095458
-139.374790   -140.206714
-164.817790   -165.511060
-166.689618   -167.729523
-175.008855   -175.771452
-181.109629   -181.872226
