-5.00000 0.000
-4.98000 0.000
-4.96000 0.000
-4.94000 0.000
-4.92000 0.000
-4.90000 0.000
-4.88000 -0.014
-4.86000 -0.019
-4.84000 0.036
-4.82000 0.048
-4.80000 0.000
-4.78000 0.000
-4.76000 -0.001
-4.74000 -0.017
-4.72000 0.001
-4.70000 0.048
-4.68000 0.000
-4.66000 0.000
-4.64000 0.000
-4.62000 0.000
-4.60000 -0.012
-4.58000 -0.003
-4.56000 0.036
-4.54000 0.000
-4.52000 0.000
-4.50000 0.000
-4.48000 0.000
-4.46000 0.000
-4.44000 0.000
-4.42000 0.000
-4.40000 0.000
-4.38000 0.000
-4.36000 -0.006
-4.34000 -0.003
-4.32000 0.021
-4.30000 0.002
-4.28000 0.000
-4.26000 0.000
-4.24000 0.000
-4.22000 0.000
-4.20000 0.000
-4.18000 0.000
-4.16000 0.000
-4.14000 0.000
-4.12000 0.000
-4.10000 0.000
-4.08000 -0.004
-4.06000 -0.003
-4.04000 0.015
-4.02000 0.002
-4.00000 0.000
-3.98000 0.000
-3.96000 0.000
-3.94000 0.000
-3.92000 0.000
-3.90000 0.000
-3.88000 -0.003
-3.86000 -0.003
-3.84000 0.014
-3.82000 0.000
-3.80000 -0.002
-3.78000 -0.003
-3.76000 0.010
-3.74000 0.003
-3.72000 0.000
-3.70000 -0.002
-3.68000 -0.010
-3.66000 -0.004
-3.64000 0.028
-3.62000 0.016
-3.60000 0.041
-3.58000 0.010
-3.56000 0.008
-3.54000 0.000
-3.52000 0.007
-3.50000 -0.003
-3.48000 0.025
-3.46000 0.012
-3.44000 -0.003
-3.42000 0.014
-3.40000 0.035
-3.38000 0.005
-3.36000 -0.003
-3.34000 -0.001
-3.32000 0.016
-3.30000 0.000
-3.28000 0.000
-3.26000 -0.002
-3.24000 -0.007
-3.22000 0.006
-3.20000 0.029
-3.18000 0.009
-3.16000 0.007
-3.14000 -0.001
-3.12000 0.006
-3.10000 0.008
-3.08000 0.007
-3.06000 0.007
-3.04000 -0.004
-3.02000 0.011
-3.00000 0.000
-2.98000 0.005
-2.96000 0.014
-2.94000 -0.003
-2.92000 -0.001
-2.90000 0.015
-2.88000 0.013
-2.86000 0.000
-2.84000 0.000
-2.82000 0.000
-2.80000 0.000
-2.78000 0.000
-2.76000 -0.001
-2.74000 0.004
-2.72000 0.002
-2.70000 0.007
-2.68000 0.002
-2.66000 -0.002
-2.64000 0.005
-2.62000 0.001
-2.60000 0.000
-2.58000 0.005
-2.56000 0.000
-2.54000 0.000
-2.52000 0.001
-2.50000 -0.001
-2.48000 0.007
-2.46000 0.007
-2.44000 0.005
-2.42000 0.005
-2.40000 -0.002
-2.38000 0.008
-2.36000 0.011
-2.34000 0.004
-2.32000 0.018
-2.30000 0.000
-2.28000 0.016
-2.26000 0.014
-2.24000 0.010
-2.22000 0.012
-2.20000 0.007
-2.18000 0.007
-2.16000 0.005
-2.14000 0.010
-2.12000 0.004
-2.10000 0.015
-2.08000 0.005
-2.06000 -0.001
-2.04000 0.009
-2.02000 0.003
-2.00000 0.001
-1.98000 0.001
-1.96000 0.006
-1.94000 0.004
-1.92000 0.001
-1.90000 -0.001
-1.88000 0.004
-1.86000 -0.001
-1.84000 0.000
-1.82000 0.000
-1.80000 0.000
-1.78000 0.001
-1.76000 -0.001
-1.74000 0.004
-1.72000 0.005
-1.70000 0.000
-1.68000 0.005
-1.66000 0.000
-1.64000 0.004
-1.62000 0.006
-1.60000 0.001
-1.58000 0.002
-1.56000 0.004
-1.54000 0.002
-1.52000 -0.001
-1.50000 0.012
-1.48000 0.003
-1.46000 0.005
-1.44000 0.003
-1.42000 0.004
-1.40000 0.003
-1.38000 0.004
-1.36000 0.000
-1.34000 0.012
-1.32000 0.003
-1.30000 0.006
-1.28000 0.004
-1.26000 0.006
-1.24000 0.009
-1.22000 0.006
-1.20000 0.007
-1.18000 0.002
-1.16000 0.010
-1.14000 0.009
-1.12000 0.007
-1.10000 0.008
-1.08000 0.006
-1.06000 0.012
-1.04000 0.006
-1.02000 0.009
-1.00000 0.008
-0.98000 0.004
-0.96000 0.005
-0.94000 0.008
-0.92000 0.006
-0.90000 0.003
-0.88000 0.006
-0.86000 0.000
-0.84000 0.001
-0.82000 0.002
-0.80000 0.003
-0.78000 0.006
-0.76000 0.004
-0.74000 0.007
-0.72000 0.006
-0.70000 0.016
-0.68000 0.013
-0.66000 0.014
-0.64000 0.005
-0.62000 0.010
-0.60000 0.012
-0.58000 0.004
-0.56000 0.003
-0.54000 0.006
-0.52000 0.005
-0.50000 0.006
-0.48000 0.004
-0.46000 0.002
-0.44000 0.008
-0.42000 0.013
-0.40000 0.005
-0.38000 0.005
-0.36000 0.007
-0.34000 0.007
-0.32000 0.006
-0.30000 0.010
-0.28000 0.019
-0.26000 0.015
-0.24000 0.007
-0.22000 0.005
-0.20000 0.006
-0.18000 0.008
-0.16000 0.007
-0.14000 0.006
-0.12000 0.005
-0.10000 0.004
-0.08000 0.008
-0.06000 0.006
-0.04000 0.005
-0.02000 0.008
0.00000 0.007
0.02000 0.010
0.04000 0.008
0.06000 0.010
0.08000 0.012
0.10000 0.005
0.12000 0.005
0.14000 0.005
0.16000 0.004
0.18000 0.003
0.20000 0.009
0.22000 0.005
0.24000 0.005
0.26000 0.008
0.28000 0.008
0.30000 0.006
0.32000 0.005
0.34000 0.003
0.36000 0.006
0.38000 0.007
0.40000 0.008
0.42000 0.008
0.44000 0.006
0.46000 0.010
0.48000 0.012
0.50000 0.007
0.52000 0.009
0.54000 0.013
0.56000 0.013
0.58000 0.019
0.60000 0.006
0.62000 0.008
0.64000 0.004
0.66000 0.006
0.68000 0.011
0.70000 0.006
0.72000 0.005
0.74000 0.005
0.76000 0.005
0.78000 0.003
0.80000 0.005
0.82000 0.004
0.84000 0.014
0.86000 0.006
0.88000 0.013
0.90000 0.004
0.92000 0.015
0.94000 0.020
0.96000 0.019
0.98000 0.030
1.00000 0.048
1.02000 0.083
1.04000 0.077
1.06000 0.086
1.08000 0.105
1.10000 0.155
1.12000 0.182
1.14000 0.207
1.16000 0.257
1.18000 0.319
1.20000 0.344
1.22000 0.421
1.24000 0.402
1.26000 0.408
1.28000 0.438
1.30000 0.540
1.32000 0.548
1.34000 0.592
1.36000 0.613
1.38000 0.604
1.40000 0.721
1.42000 0.711
1.44000 0.780
1.46000 0.714
1.48000 0.835
1.50000 0.857
1.52000 0.833
1.54000 0.912
1.56000 0.880
1.58000 0.937
1.60000 0.924
1.62000 0.972
1.64000 0.999
1.66000 1.021
1.68000 0.999
1.70000 1.110
1.72000 1.048
1.74000 1.055
1.76000 1.021
1.78000 1.157
1.80000 1.097
1.82000 1.197
1.84000 1.170
1.86000 1.096
1.88000 1.232
1.90000 1.176
1.92000 1.331
1.94000 1.230
1.96000 1.299
1.98000 1.356
2.00000 1.404
2.02000 1.380
2.04000 1.369
2.06000 1.484
2.08000 1.416
2.10000 1.492
2.12000 1.504
2.14000 1.317
2.16000 1.590
2.18000 1.561
2.20000 1.597
2.22000 1.626
2.24000 1.590
2.26000 1.643
2.28000 1.596
2.30000 1.710
2.32000 1.614
2.34000 1.651
2.36000 1.719
2.38000 1.676
2.40000 1.850
2.42000 1.828
2.44000 1.917
2.46000 1.908
2.48000 1.790
2.50000 1.808
2.52000 1.931
2.54000 1.828
2.56000 1.957
2.58000 1.811
2.60000 1.956
2.62000 1.953
2.64000 1.925
2.66000 2.045
2.68000 2.050
2.70000 1.919
2.72000 1.988
2.74000 2.022
2.76000 1.923
2.78000 2.013
2.80000 1.948
2.82000 2.115
2.84000 2.072
2.86000 1.988
2.88000 2.032
2.90000 2.086
2.92000 2.036
2.94000 2.060
2.96000 1.998
2.98000 2.090
3.00000 2.182
3.02000 1.984
3.04000 2.098
3.06000 2.036
3.08000 2.076
3.10000 2.250
3.12000 2.051
3.14000 2.023
3.16000 2.021
3.18000 2.083
3.20000 2.094
3.22000 2.192
3.24000 2.059
3.26000 2.289
3.28000 2.050
3.30000 2.125
3.32000 2.083
3.34000 2.186
3.36000 2.066
3.38000 2.023
3.40000 2.124
3.42000 2.149
3.44000 2.283
3.46000 2.137
3.48000 2.122
3.50000 2.372
3.52000 2.170
3.54000 2.084
3.56000 2.261
3.58000 2.127
3.60000 2.127
3.62000 2.190
3.64000 2.188
3.66000 2.188
3.68000 2.206
3.70000 2.168
3.72000 2.166
3.74000 2.269
3.76000 2.184
3.78000 2.254
3.80000 2.385
3.82000 2.255
3.84000 2.121
3.86000 2.182
3.88000 2.259
3.90000 2.346
3.92000 2.159
3.94000 2.316
3.96000 2.304
3.98000 2.274
4.00000 2.183
4.02000 2.280
4.04000 2.218
4.06000 2.316
4.08000 2.323
4.10000 2.210
4.12000 2.329
4.14000 2.301
4.16000 2.243
4.18000 2.217
4.20000 2.316
4.22000 2.483
4.24000 2.276
4.26000 2.247
4.28000 2.387
4.30000 2.430
4.32000 2.286
4.34000 2.281
4.36000 2.460
4.38000 2.310
4.40000 2.265
4.42000 2.490
4.44000 2.286
4.46000 2.340
4.48000 2.312
4.50000 2.402
4.52000 2.532
4.54000 2.331
4.56000 2.307
4.58000 2.469
4.60000 2.337
4.62000 2.475
4.64000 2.370
4.66000 2.364
4.68000 2.396
4.70000 2.343
4.72000 2.515
4.74000 2.562
4.76000 2.413
4.78000 2.338
4.80000 2.411
4.82000 2.510
4.84000 2.486
4.86000 2.474
4.88000 2.459
4.90000 2.485
4.92000 2.409
4.94000 2.425
4.96000 2.495
4.98000 2.492
5.00000 2.444
5.02000 2.400
5.04000 2.545
5.06000 2.641
5.08000 2.431
5.10000 2.461
5.12000 2.570
5.14000 2.671
5.16000 2.529
5.18000 2.461
5.20000 2.531
5.22000 2.662
5.24000 2.623
5.26000 2.577
5.28000 2.609
5.30000 2.623
5.32000 2.651
5.34000 2.566
5.36000 2.624
5.38000 2.614
5.40000 2.666
5.42000 2.552
5.44000 2.627
5.46000 2.781
5.48000 2.680
5.50000 2.685
5.52000 2.779
5.54000 2.882
5.56000 2.800
5.58000 2.798
5.60000 2.849
5.62000 2.879
5.64000 2.800
5.66000 2.758
5.68000 2.943
5.70000 3.124
5.72000 3.134
5.74000 3.060
5.76000 3.101
5.78000 3.131
5.80000 3.319
5.82000 3.518
5.84000 3.621
5.86000 3.504
5.88000 3.337
5.90000 3.395
5.92000 3.347
5.94000 3.620
5.96000 3.774
5.98000 3.822
6.00000 3.970
6.02000 4.190
6.04000 4.356
6.06000 4.742
6.08000 5.002
6.10000 5.173
6.12000 5.550
6.14000 6.541
6.16000 7.503
6.18000 8.193
6.20000 9.213
6.22000 10.832
6.24000 12.922
6.26000 15.991
6.28000 20.872
6.30000 28.555
6.32000 37.156
6.34000 36.866
6.36000 25.654
6.38000 15.272
6.40000 10.125
6.42000 9.817
6.44000 14.192
6.46000 19.432
6.48000 19.392
6.50000 12.751
6.52000 7.107
6.54000 4.039
6.56000 3.254
6.58000 3.798
6.60000 4.505
6.62000 4.427
6.64000 4.076
6.66000 4.014
6.68000 4.073
6.70000 4.423
6.72000 4.489
6.74000 4.850
6.76000 4.944
6.78000 5.312
6.80000 5.705
6.82000 6.325
6.84000 6.985
6.86000 7.586
6.88000 8.423
6.90000 9.432
6.92000 10.888
6.94000 13.068
6.96000 16.922
6.98000 21.691
7.00000 29.322
7.02000 34.516
7.04000 25.724
7.06000 13.552
7.08000 7.517
7.10000 2.823
7.12000 2.264
7.14000 3.551
7.16000 4.922
7.18000 4.706
7.20000 4.006
7.22000 3.453
7.24000 3.386
7.26000 3.580
7.28000 3.608
7.30000 3.654
7.32000 3.538
7.34000 3.429
7.36000 3.595
7.38000 3.560
7.40000 3.661
7.42000 3.552
7.44000 3.507
7.46000 3.390
7.48000 3.446
7.50000 3.551
7.52000 3.738
7.54000 3.861
7.56000 3.760
7.58000 3.774
7.60000 3.883
7.62000 4.063
7.64000 4.138
7.66000 4.023
7.68000 3.867
7.70000 3.646
7.72000 3.577
7.74000 3.572
7.76000 3.552
7.78000 3.627
7.80000 3.736
7.82000 3.838
7.84000 3.792
7.86000 3.799
7.88000 3.701
7.90000 3.904
7.92000 3.788
7.94000 4.044
7.96000 4.048
7.98000 4.176
8.00000 4.304
8.02000 4.384
8.04000 4.616
8.06000 4.986
8.08000 5.180
8.10000 5.011
8.12000 5.077
8.14000 5.271
8.16000 5.892
8.18000 6.811
8.20000 6.695
8.22000 5.519
8.24000 4.443
8.26000 3.929
8.28000 3.605
8.30000 3.559
8.32000 3.819
8.34000 3.860
8.36000 3.829
8.38000 3.689
8.40000 3.700
8.42000 3.742
8.44000 3.812
8.46000 3.727
8.48000 3.756
8.50000 3.635
8.52000 3.640
8.54000 3.715
8.56000 3.632
8.58000 3.771
8.60000 3.690
8.62000 3.576
8.64000 3.682
8.66000 3.749
8.68000 3.804
8.70000 3.837
8.72000 3.728
8.74000 3.601
8.76000 3.614
8.78000 3.762
8.80000 3.755
8.82000 3.742
8.84000 3.736
8.86000 3.646
8.88000 3.606
8.90000 3.544
8.92000 3.777
8.94000 3.625
8.96000 3.678
8.98000 3.847
9.00000 3.706
9.02000 3.809
9.04000 3.720
9.06000 3.701
9.08000 3.765
9.10000 3.681
9.12000 3.734
9.14000 3.843
9.16000 3.848
9.18000 3.906
9.20000 3.761
9.22000 3.987
9.24000 4.176
9.26000 4.070
9.28000 3.977
9.30000 3.827
9.32000 3.852
9.34000 3.789
9.36000 3.613
9.38000 3.592
9.40000 3.578
9.42000 3.659
9.44000 3.715
9.46000 3.731
9.48000 3.674
9.50000 3.685
9.52000 3.708
9.54000 3.764
9.56000 3.707
9.58000 3.754
9.60000 3.721
9.62000 3.564
9.64000 3.695
9.66000 3.848
9.68000 3.715
9.70000 3.765
9.72000 3.712
9.74000 3.696
9.76000 3.799
9.78000 3.807
9.80000 3.909
9.82000 3.980
9.84000 3.985
9.86000 4.051
9.88000 4.087
9.90000 4.268
9.92000 4.129
9.94000 3.910
9.96000 3.836
9.98000 3.721
10.00000 3.716
10.02000 3.568
10.04000 3.477
10.06000 3.502
10.08000 3.616
10.10000 3.683
10.12000 3.663
10.14000 3.744
10.16000 3.654
10.18000 3.674
10.20000 3.757
10.22000 3.642
10.24000 3.852
10.26000 3.971
10.28000 3.932
10.30000 4.095
10.32000 3.964
10.34000 3.957
10.36000 3.973
10.38000 3.985
10.40000 4.076
10.42000 4.222
10.44000 4.391
10.46000 4.564
10.48000 4.786
10.50000 4.961
10.52000 5.201
10.54000 5.484
10.56000 6.132
10.58000 6.631
10.60000 7.410
10.62000 8.403
10.64000 9.953
10.66000 11.539
10.68000 13.990
10.70000 19.271
10.72000 27.075
10.74000 29.425
10.76000 20.445
10.78000 10.983
10.80000 8.948
10.82000 7.713
10.84000 4.931
10.86000 3.495
10.88000 3.302
10.90000 3.687
10.92000 4.707
10.94000 5.441
10.96000 5.987
10.98000 5.523
11.00000 4.612
11.02000 4.048
11.04000 3.787
11.06000 3.554
11.08000 3.622
11.10000 3.643
11.12000 3.739
11.14000 3.853
11.16000 3.808
11.18000 3.588
11.20000 3.594
11.22000 3.570
11.24000 3.464
11.26000 3.541
11.28000 3.577
11.30000 3.565
11.32000 3.646
11.34000 3.630
11.36000 3.797
11.38000 3.702
11.40000 3.544
11.42000 3.503
11.44000 3.637
11.46000 3.639
11.48000 3.659
11.50000 3.757
11.52000 3.827
11.54000 3.834
11.56000 3.842
11.58000 3.966
11.60000 4.176
11.62000 4.666
11.64000 5.128
11.66000 6.084
11.68000 7.426
11.70000 9.113
11.72000 9.970
11.74000 8.221
11.76000 5.843
11.78000 4.956
11.80000 4.661
11.82000 4.207
11.84000 3.756
11.86000 3.668
11.88000 3.606
11.90000 3.503
11.92000 3.445
11.94000 3.624
11.96000 3.855
11.98000 3.745
12.00000 3.386
12.02000 3.198
12.04000 3.212
12.06000 3.096
12.08000 3.110
12.10000 3.036
12.12000 3.153
12.14000 3.008
12.16000 3.069
12.18000 3.056
12.20000 3.266
12.22000 3.103
12.24000 3.242
12.26000 3.151
12.28000 3.234
12.30000 3.098
12.32000 3.231
12.34000 3.267
12.36000 3.479
12.38000 3.578
12.40000 3.795
12.42000 3.991
12.44000 4.599
12.46000 4.981
12.48000 5.278
12.50000 4.808
12.52000 4.362
12.54000 4.389
12.56000 4.477
12.58000 4.427
12.60000 4.639
12.62000 5.001
12.64000 5.302
12.66000 5.470
12.68000 6.383
12.70000 6.518
12.72000 5.357
12.74000 3.874
12.76000 3.477
12.78000 3.366
12.80000 3.020
12.82000 2.796
12.84000 2.736
12.86000 2.673
12.88000 2.645
12.90000 2.789
12.92000 2.838
12.94000 2.966
12.96000 3.075
12.98000 3.110
13.00000 2.800
13.02000 2.720
13.04000 2.656
13.06000 2.658
13.08000 2.684
13.10000 2.579
13.12000 2.591
13.14000 2.578
13.16000 2.631
13.18000 2.639
13.20000 2.617
13.22000 2.668
13.24000 2.647
13.26000 2.653
13.28000 2.574
13.30000 2.568
13.32000 2.557
13.34000 2.633
13.36000 2.523
13.38000 2.630
13.40000 2.558
13.42000 2.615
13.44000 2.664
13.46000 2.650
13.48000 2.876
13.50000 3.069
13.52000 3.232
13.54000 3.517
13.56000 4.117
13.58000 4.633
13.60000 4.656
13.62000 3.772
13.64000 3.118
13.66000 3.045
13.68000 3.038
13.70000 2.836
13.72000 2.721
13.74000 2.754
13.76000 2.884
13.78000 3.071
13.80000 2.971
13.82000 2.695
13.84000 2.573
13.86000 2.508
13.88000 2.567
13.90000 2.526
13.92000 2.472
13.94000 2.451
13.96000 2.381
13.98000 2.404
14.00000 2.320
14.02000 2.304
14.04000 2.314
14.06000 2.454
14.08000 2.427
14.10000 2.351
14.12000 2.525
14.14000 2.488
14.16000 2.494
14.18000 2.427
14.20000 2.505
14.22000 2.643
14.24000 2.698
14.26000 2.806
14.28000 2.985
14.30000 3.334
14.32000 3.449
14.34000 3.132
14.36000 2.714
14.38000 2.442
14.40000 2.611
14.42000 2.679
14.44000 2.579
14.46000 2.361
14.48000 2.353
14.50000 2.368
14.52000 2.341
14.54000 2.373
14.56000 2.538
14.58000 2.583
14.60000 2.516
14.62000 2.489
14.64000 2.386
14.66000 2.451
14.68000 2.336
14.70000 2.378
14.72000 2.316
14.74000 2.309
14.76000 2.386
14.78000 2.372
14.80000 2.356
14.82000 2.381
14.84000 2.529
14.86000 2.708
14.88000 2.854
14.90000 2.870
14.92000 2.671
14.94000 2.515
14.96000 2.350
14.98000 2.322
15.00000 2.323
15.02000 2.295
15.04000 2.249
15.06000 2.215
15.08000 2.235
15.10000 2.326
15.12000 2.289
15.14000 2.279
15.16000 2.353
15.18000 2.295
15.20000 2.311
15.22000 2.304
15.24000 2.217
15.26000 2.381
15.28000 2.377
15.30000 2.421
15.32000 2.405
15.34000 2.390
15.36000 2.409
15.38000 2.306
15.40000 2.363
15.42000 2.375
15.44000 2.300
15.46000 2.257
15.48000 2.239
15.50000 2.268
15.52000 2.381
15.54000 2.348
15.56000 2.401
15.58000 2.355
15.60000 2.386
15.62000 2.296
15.64000 2.235
15.66000 2.320
15.68000 2.434
15.70000 2.372
15.72000 2.329
15.74000 2.337
15.76000 2.481
15.78000 2.374
15.80000 2.507
15.82000 2.653
15.84000 2.847
15.86000 2.968
15.88000 3.057
15.90000 3.363
15.92000 3.512
15.94000 3.326
15.96000 3.009
15.98000 2.754
16.00000 2.872
16.02000 2.933
16.04000 2.976
16.06000 2.977
16.08000 2.933
16.10000 3.096
16.12000 3.441
16.14000 3.825
16.16000 4.127
16.18000 4.111
16.20000 4.106
16.22000 3.796
16.24000 3.462
16.26000 3.158
16.28000 3.091
16.30000 2.835
16.32000 2.926
16.34000 3.068
16.36000 3.226
16.38000 3.602
16.40000 4.372
16.42000 5.555
16.44000 5.816
16.46000 4.519
16.48000 3.289
16.50000 2.825
16.52000 2.877
16.54000 3.022
16.56000 3.038
16.58000 2.929
16.60000 2.670
16.62000 2.587
16.64000 2.391
16.66000 2.153
16.68000 2.120
16.70000 2.145
16.72000 2.345
16.74000 2.484
16.76000 2.373
16.78000 2.404
16.80000 2.514
16.82000 2.452
16.84000 2.356
16.86000 2.315
16.88000 2.254
16.90000 2.452
16.92000 2.473
16.94000 2.491
16.96000 2.394
16.98000 2.450
17.00000 2.546
17.02000 2.572
17.04000 2.526
17.06000 2.451
17.08000 2.320
17.10000 2.298
17.12000 2.232
17.14000 2.093
17.16000 2.052
17.18000 2.054
17.20000 2.043
17.22000 2.071
17.24000 2.065
17.26000 2.121
17.28000 2.199
17.30000 2.097
17.32000 2.113
17.34000 2.047
17.36000 2.095
17.38000 2.127
17.40000 2.150
17.42000 2.142
17.44000 2.256
17.46000 2.425
17.48000 2.401
17.50000 2.600
17.52000 2.707
17.54000 2.658
17.56000 2.520
17.58000 2.513
17.60000 2.397
17.62000 2.568
17.64000 2.450
17.66000 2.346
17.68000 2.261
17.70000 2.071
17.72000 1.968
17.74000 2.077
17.76000 2.059
17.78000 1.983
17.80000 1.965
17.82000 1.961
17.84000 1.959
17.86000 2.035
17.88000 2.012
17.90000 1.979
17.92000 2.016
17.94000 2.077
17.96000 2.107
17.98000 1.985
18.00000 2.031
18.02000 2.018
18.04000 2.032
18.06000 2.039
18.08000 1.961
18.10000 2.020
18.12000 1.940
18.14000 1.959
18.16000 1.922
18.18000 1.952
18.20000 2.043
18.22000 2.033
18.24000 2.042
18.26000 2.124
18.28000 2.213
18.30000 2.316
18.32000 2.302
18.34000 2.084
18.36000 1.944
18.38000 1.953
18.40000 2.036
18.42000 2.038
18.44000 1.988
18.46000 1.862
18.48000 1.942
18.50000 2.029
18.52000 2.030
18.54000 1.957
18.56000 1.992
18.58000 2.113
18.60000 2.188
18.62000 2.116
18.64000 2.073
18.66000 2.116
18.68000 2.219
18.70000 2.196
18.72000 2.152
18.74000 2.149
18.76000 2.100
18.78000 2.259
18.80000 2.212
18.82000 2.089
18.84000 2.111
18.86000 2.122
18.88000 2.111
18.90000 2.097
18.92000 2.144
18.94000 1.999
18.96000 2.010
18.98000 2.057
19.00000 2.047
19.02000 2.150
19.04000 2.184
19.06000 2.233
19.08000 2.494
19.10000 2.504
19.12000 2.404
19.14000 2.193
19.16000 2.080
19.18000 1.986
19.20000 2.068
19.22000 2.129
19.24000 2.213
19.26000 2.242
19.28000 2.230
19.30000 2.194
19.32000 2.016
19.34000 2.042
19.36000 1.940
19.38000 1.881
19.40000 2.034
19.42000 2.038
19.44000 2.168
19.46000 2.140
19.48000 2.328
19.50000 2.664
19.52000 2.947
19.54000 3.028
19.56000 2.603
19.58000 2.259
19.60000 2.052
19.62000 2.160
19.64000 2.147
19.66000 2.184
19.68000 2.212
19.70000 2.226
19.72000 2.216
19.74000 2.151
19.76000 2.163
19.78000 1.925
19.80000 1.903
19.82000 1.909
19.84000 1.874
19.86000 1.989
19.88000 1.936
19.90000 2.030
19.92000 2.001
19.94000 2.050
19.96000 1.946
19.98000 2.023
20.00000 1.916
20.02000 1.862
20.04000 1.915
20.06000 1.914
20.08000 1.911
20.10000 1.886
20.12000 1.978
20.14000 1.818
20.16000 1.898
20.18000 1.984
20.20000 1.823
20.22000 1.965
20.24000 1.834
20.26000 1.917
20.28000 1.871
20.30000 1.955
20.32000 1.883
20.34000 1.845
20.36000 1.900
20.38000 1.863
20.40000 1.989
20.42000 1.908
20.44000 1.816
20.46000 1.796
20.48000 1.826
20.50000 1.897
20.52000 1.828
20.54000 1.899
20.56000 1.962
20.58000 1.847
20.60000 1.897
20.62000 1.831
20.64000 1.862
20.66000 1.931
20.68000 1.880
20.70000 1.895
20.72000 1.797
20.74000 1.936
20.76000 1.983
20.78000 1.923
20.80000 1.824
20.82000 1.817
20.84000 1.907
20.86000 1.789
20.88000 1.853
20.90000 1.848
20.92000 1.753
20.94000 1.808
20.96000 1.887
20.98000 1.878
21.00000 1.847
21.02000 1.866
21.04000 1.913
21.06000 1.878
21.08000 1.968
21.10000 1.994
21.12000 1.925
21.14000 1.933
21.16000 1.957
21.18000 2.055
21.20000 2.166
21.22000 2.047
21.24000 2.041
21.26000 1.956
21.28000 1.903
21.30000 1.902
21.32000 1.879
21.34000 1.918
21.36000 1.828
21.38000 1.847
21.40000 1.865
21.42000 1.809
21.44000 1.832
21.46000 1.824
21.48000 1.852
21.50000 1.857
21.52000 1.928
21.54000 2.044
21.56000 1.999
21.58000 2.046
21.60000 2.013
21.62000 1.920
21.64000 1.912
21.66000 1.890
21.68000 1.887
21.70000 1.795
21.72000 1.775
21.74000 1.823
21.76000 1.751
21.78000 1.768
21.80000 1.837
21.82000 1.792
21.84000 1.776
21.86000 1.815
21.88000 1.915
21.90000 1.974
21.92000 1.946
21.94000 1.880
21.96000 1.837
21.98000 1.882
22.00000 1.877
22.02000 2.010
22.04000 1.881
22.06000 1.818
22.08000 1.792
22.10000 1.817
22.12000 1.829
22.14000 1.870
22.16000 1.846
22.18000 1.820
22.20000 1.761
22.22000 1.855
22.24000 1.814
22.26000 1.867
22.28000 1.788
22.30000 1.886
22.32000 1.814
22.34000 1.786
22.36000 1.893
22.38000 2.083
22.40000 2.086
22.42000 2.160
22.44000 2.035
22.46000 2.035
22.48000 1.981
22.50000 1.926
22.52000 1.856
22.54000 1.841
22.56000 1.800
22.58000 1.934
22.60000 1.791
22.62000 1.857
22.64000 1.907
22.66000 1.816
22.68000 1.871
22.70000 1.919
22.72000 1.774
22.74000 1.839
22.76000 1.752
22.78000 1.822
22.80000 1.812
22.82000 1.801
22.84000 1.856
22.86000 1.843
22.88000 1.723
22.90000 1.702
22.92000 1.825
22.94000 1.753
22.96000 1.750
22.98000 1.768
23.00000 1.762
23.02000 1.675
23.04000 1.696
23.06000 1.791
23.08000 1.763
23.10000 1.749
23.12000 1.707
23.14000 1.780
23.16000 1.726
23.18000 1.705
23.20000 1.805
23.22000 1.771
23.24000 1.720
23.26000 1.789
23.28000 1.796
23.30000 1.709
23.32000 1.731
23.34000 1.828
23.36000 1.852
23.38000 1.771
23.40000 1.784
23.42000 1.793
23.44000 1.734
23.46000 1.764
23.48000 1.755
23.50000 1.735
23.52000 1.714
23.54000 1.726
23.56000 1.792
23.58000 1.774
23.60000 1.784
23.62000 1.725
23.64000 1.821
23.66000 1.812
23.68000 1.820
23.70000 1.927
23.72000 1.836
23.74000 1.764
23.76000 1.730
23.78000 1.799
23.80000 1.743
23.82000 1.791
23.84000 1.778
23.86000 1.708
23.88000 1.755
23.90000 1.823
23.92000 1.774
23.94000 1.676
23.96000 1.681
23.98000 1.700
24.00000 1.701
24.02000 1.670
24.04000 1.708
24.06000 1.788
24.08000 1.742
24.10000 1.729
24.12000 1.748
24.14000 1.803
24.16000 1.822
24.18000 1.803
24.20000 1.738
24.22000 1.680
24.24000 1.631
24.26000 1.668
24.28000 1.687
24.30000 1.690
24.32000 1.649
24.34000 1.622
24.36000 1.610
24.38000 1.666
24.40000 1.718
24.42000 1.768
24.44000 1.726
24.46000 1.710
24.48000 1.723
24.50000 1.694
24.52000 1.663
24.54000 1.631
24.56000 1.665
24.58000 1.671
24.60000 1.649
24.62000 1.658
24.64000 1.651
24.66000 1.628
24.68000 1.622
24.70000 1.640
24.72000 1.681
24.74000 1.647
24.76000 1.647
24.78000 1.682
24.80000 1.681
24.82000 1.671
24.84000 1.650
24.86000 1.670
24.88000 1.699
24.90000 1.737
24.92000 1.747
24.94000 1.735
24.96000 1.702
24.98000 1.661
25.00000 1.653
25.02000 1.678
25.04000 1.721
25.06000 1.720
25.08000 1.677
25.10000 1.676
25.12000 1.675
25.14000 1.673
25.16000 1.707
25.18000 1.723
25.20000 1.723
25.22000 1.693
25.24000 1.652
25.26000 1.601
25.28000 1.587
25.30000 1.606
25.32000 1.657
25.34000 1.695
25.36000 1.706
25.38000 1.691
25.40000 1.684
25.42000 1.680
25.44000 1.677
25.46000 1.661
25.48000 1.687
25.50000 1.756
25.52000 1.858
25.54000 1.893
25.56000 1.862
25.58000 1.850
25.60000 1.847
25.62000 1.853
25.64000 1.797
25.66000 1.807
25.68000 1.883
25.70000 1.833
25.72000 1.780
25.74000 1.724
25.76000 1.673
25.78000 1.662
25.80000 1.693
25.82000 1.583
25.84000 1.564
25.86000 1.636
25.88000 1.609
25.90000 1.617
25.92000 1.661
25.94000 1.644
25.96000 1.636
25.98000 1.639
26.00000 1.622
26.02000 1.623
26.04000 1.641
26.06000 1.647
26.08000 1.653
26.10000 1.661
26.12000 1.575
26.14000 1.560
26.16000 1.616
26.18000 1.609
26.20000 1.594
26.22000 1.572
26.24000 1.550
26.26000 1.599
26.28000 1.717
26.30000 1.651
26.32000 1.621
26.34000 1.628
26.36000 1.617
26.38000 1.570
26.40000 1.488
26.42000 1.600
26.44000 1.667
26.46000 1.688
26.48000 1.544
26.50000 1.516
26.52000 1.604
26.54000 1.543
26.56000 1.539
26.58000 1.592
26.60000 1.666
26.62000 1.680
26.64000 1.634
26.66000 1.608
26.68000 1.601
26.70000 1.615
26.72000 1.631
26.74000 1.617
26.76000 1.574
26.78000 1.604
26.80000 1.591
26.82000 1.536
26.84000 1.592
26.86000 1.605
26.88000 1.575
26.90000 1.575
26.92000 1.610
26.94000 1.680
26.96000 1.630
26.98000 1.596
27.00000 1.579
27.02000 1.566
27.04000 1.559
27.06000 1.558
27.08000 1.561
27.10000 1.574
27.12000 1.597
27.14000 1.532
27.16000 1.528
27.18000 1.583
27.20000 1.544
27.22000 1.533
27.24000 1.550
27.26000 1.537
27.28000 1.542
27.30000 1.564
27.32000 1.545
27.34000 1.573
27.36000 1.649
27.38000 1.603
27.40000 1.570
27.42000 1.551
27.44000 1.537
27.46000 1.527
27.48000 1.520
27.50000 1.518
27.52000 1.529
27.54000 1.551
27.56000 1.518
27.58000 1.523
27.60000 1.567
27.62000 1.544
27.64000 1.523
27.66000 1.504
27.68000 1.494
27.70000 1.497
27.72000 1.513
27.74000 1.526
27.76000 1.531
27.78000 1.526
27.80000 1.467
27.82000 1.460
27.84000 1.502
27.86000 1.523
27.88000 1.538
27.90000 1.548
27.92000 1.538
27.94000 1.519
27.96000 1.492
27.98000 1.485
28.00000 1.496
28.02000 1.524
28.04000 1.552
28.06000 1.531
28.08000 1.461
28.10000 1.432
28.12000 1.438
28.14000 1.479
28.16000 1.481
28.18000 1.498
28.20000 1.530
28.22000 1.512
28.24000 1.511
28.26000 1.528
28.28000 1.440
28.30000 1.395
28.32000 1.393
28.34000 1.478
28.36000 1.525
28.38000 1.535
28.40000 1.459
28.42000 1.432
28.44000 1.456
28.46000 1.418
28.48000 1.380
28.50000 1.341
28.52000 1.473
28.54000 1.481
28.56000 1.365
28.58000 1.414
28.60000 1.449
28.62000 1.471
28.64000 1.461
28.66000 1.417
28.68000 1.339
28.70000 1.373
28.72000 1.380
28.74000 1.360
28.76000 1.300
28.78000 1.290
28.80000 1.331
28.82000 1.357
28.84000 1.377
28.86000 1.391
28.88000 1.337
28.90000 1.333
28.92000 1.382
28.94000 1.392
28.96000 1.372
28.98000 1.321
29.00000 1.370
29.02000 1.384
29.04000 1.364
29.06000 1.374
29.08000 1.364
29.10000 1.334
29.12000 1.354
29.14000 1.353
29.16000 1.331
29.18000 1.374
29.20000 1.398
29.22000 1.403
29.24000 1.328
29.26000 1.286
29.28000 1.276
29.30000 1.274
29.32000 1.295
29.34000 1.339
29.36000 1.358
29.38000 1.392
29.40000 1.443
29.42000 1.370
29.44000 1.311
29.46000 1.266
29.48000 1.326
29.50000 1.362
29.52000 1.373
29.54000 1.430
29.56000 1.420
29.58000 1.342
29.60000 1.335
29.62000 1.330
29.64000 1.326
29.66000 1.326
29.68000 1.344
29.70000 1.380
29.72000 1.291
29.74000 1.269
29.76000 1.314
29.78000 1.301
29.80000 1.311
29.82000 1.342
29.84000 1.311
29.86000 1.284
29.88000 1.259
29.90000 1.225
29.92000 1.242
29.94000 1.309
29.96000 1.382
29.98000 1.382
30.00000 1.308
30.02000 1.312
30.04000 1.323
30.06000 1.339
30.08000 1.409
30.10000 1.383
30.12000 1.260
30.14000 1.293
30.16000 1.279
30.18000 1.219
30.20000 1.233
30.22000 1.229
30.24000 1.207
30.26000 1.272
30.28000 1.285
30.30000 1.248
30.32000 1.211
30.34000 1.216
30.36000 1.262
30.38000 1.206
30.40000 1.198
30.42000 1.238
30.44000 1.247
30.46000 1.255
30.48000 1.261
30.50000 1.282
30.52000 1.288
30.54000 1.280
30.56000 1.258
30.58000 1.234
30.60000 1.207
30.62000 1.230
30.64000 1.238
30.66000 1.232
30.68000 1.237
30.70000 1.219
30.72000 1.179
30.74000 1.188
30.76000 1.224
30.78000 1.287
30.80000 1.270
30.82000 1.251
30.84000 1.232
30.86000 1.246
30.88000 1.250
30.90000 1.243
30.92000 1.277
30.94000 1.300
30.96000 1.312
30.98000 1.260
31.00000 1.222
31.02000 1.197
31.04000 1.161
31.06000 1.155
31.08000 1.182
31.10000 1.187
31.12000 1.194
31.14000 1.203
31.16000 1.197
31.18000 1.179
31.20000 1.149
31.22000 1.132
31.24000 1.172
31.26000 1.271
31.28000 1.310
31.30000 1.304
31.32000 1.254
31.34000 1.224
31.36000 1.219
31.38000 1.239
31.40000 1.244
31.42000 1.232
31.44000 1.202
31.46000 1.258
31.48000 1.243
31.50000 1.155
31.52000 1.139
31.54000 1.155
31.56000 1.201
31.58000 1.218
31.60000 1.209
31.62000 1.172
31.64000 1.194
31.66000 1.189
31.68000 1.156
31.70000 1.172
31.72000 1.184
31.74000 1.192
31.76000 1.205
31.78000 1.209
31.80000 1.206
31.82000 1.198
31.84000 1.214
31.86000 1.255
31.88000 1.214
31.90000 1.181
31.92000 1.156
31.94000 1.150
31.96000 1.146
31.98000 1.145
32.00000 1.220
32.02000 1.236
32.04000 1.192
32.06000 1.193
32.08000 1.188
32.10000 1.177
32.12000 1.177
32.14000 1.202
32.16000 1.251
32.18000 1.192
32.20000 1.186
32.22000 1.233
32.24000 1.191
32.26000 1.158
32.28000 1.133
32.30000 1.175
32.32000 1.195
32.34000 1.193
32.36000 1.180
32.38000 1.177
32.40000 1.184
32.42000 1.184
32.44000 1.189
32.46000 1.198
32.48000 1.146
32.50000 1.099
32.52000 1.057
32.54000 1.137
32.56000 1.171
32.58000 1.159
32.60000 1.154
32.62000 1.160
32.64000 1.178
32.66000 1.153
32.68000 1.162
32.70000 1.203
32.72000 1.158
32.74000 1.136
32.76000 1.137
32.78000 1.152
32.80000 1.155
32.82000 1.145
32.84000 1.153
32.86000 1.163
32.88000 1.174
32.90000 1.187
32.92000 1.224
32.94000 1.282
32.96000 1.185
32.98000 1.133
33.00000 1.127
33.02000 1.107
33.04000 1.085
33.06000 1.059
33.08000 1.092
33.10000 1.111
33.12000 1.117
33.14000 1.091
33.16000 1.087
33.18000 1.104
33.20000 1.021
33.22000 1.011
33.24000 1.076
33.26000 1.111
33.28000 1.103
33.30000 1.052
33.32000 1.107
33.34000 1.132
33.36000 1.127
33.38000 1.108
33.40000 1.129
33.42000 1.191
33.44000 1.112
33.46000 1.084
33.48000 1.107
33.50000 1.142
33.52000 1.159
33.54000 1.157
33.56000 1.131
33.58000 1.108
33.60000 1.088
33.62000 1.091
33.64000 1.091
33.66000 1.087
33.68000 1.094
33.70000 1.113
33.72000 1.142
33.74000 1.116
33.76000 1.098
33.78000 1.086
33.80000 1.097
33.82000 1.085
33.84000 1.050
33.86000 1.075
33.88000 1.100
33.90000 1.125
33.92000 1.106
33.94000 1.081
33.96000 1.051
33.98000 1.089
34.00000 1.099
34.02000 1.080
34.04000 1.095
34.06000 1.094
34.08000 1.076
34.10000 1.107
34.12000 1.133
34.14000 1.154
34.16000 1.111
34.18000 1.084
34.20000 1.073
34.22000 1.051
34.24000 1.051
34.26000 1.073
34.28000 1.119
34.30000 1.127
34.32000 1.096
34.34000 1.133
34.36000 1.160
34.38000 1.177
34.40000 1.107
34.42000 1.055
34.44000 1.021
34.46000 1.035
34.48000 1.071
34.50000 1.127
34.52000 1.061
34.54000 1.051
34.56000 1.098
34.58000 1.117
34.60000 1.091
34.62000 1.020
34.64000 1.018
34.66000 1.022
34.68000 1.031
34.70000 1.068
34.72000 1.084
34.74000 1.079
34.76000 1.058
34.78000 1.059
34.80000 1.081
34.82000 1.078
34.84000 1.070
34.86000 1.059
34.88000 1.077
34.90000 1.101
34.92000 1.130
34.94000 1.107
34.96000 1.072
34.98000 1.027
35.00000 1.094
35.02000 1.107
35.04000 1.065
35.06000 1.060
35.08000 1.068
35.10000 1.089
35.12000 1.051
35.14000 1.026
35.16000 1.012
35.18000 0.992
35.20000 0.980
35.22000 0.975
35.24000 1.023
35.26000 1.035
35.28000 1.011
35.30000 1.028
35.32000 1.040
35.34000 1.047
35.36000 1.020
35.38000 1.022
35.40000 1.053
35.42000 1.027
35.44000 1.017
35.46000 1.025
35.48000 1.008
35.50000 0.983
35.52000 0.950
35.54000 1.018
35.56000 1.048
35.58000 1.040
35.60000 1.056
35.62000 1.055
35.64000 1.036
35.66000 1.056
35.68000 1.041
35.70000 0.991
35.72000 0.996
35.74000 1.012
35.76000 1.041
35.78000 1.083
35.80000 1.077
35.82000 1.023
35.84000 1.016
35.86000 1.004
35.88000 0.989
35.90000 1.000
35.92000 1.021
35.94000 1.054
35.96000 0.986
35.98000 0.997
36.00000 1.087
36.02000 1.021
36.04000 0.987
36.06000 0.987
36.08000 1.014
36.10000 1.013
36.12000 0.986
36.14000 0.990
36.16000 0.996
36.18000 1.005
36.20000 1.018
36.22000 1.025
36.24000 1.026
36.26000 1.008
36.28000 1.008
36.30000 1.025
36.32000 1.023
36.34000 1.018
36.36000 1.010
36.38000 1.053
36.40000 1.062
36.42000 1.036
36.44000 0.986
36.46000 0.967
36.48000 0.978
36.50000 1.014
36.52000 1.020
36.54000 0.996
36.56000 0.985
36.58000 0.991
36.60000 1.015
36.62000 1.034
36.64000 1.020
36.66000 0.973
36.68000 0.984
36.70000 0.968
36.72000 0.925
36.74000 0.982
36.76000 1.006
36.78000 1.000
36.80000 0.987
36.82000 0.990
36.84000 1.007
36.86000 0.985
36.88000 0.987
36.90000 1.014
36.92000 1.002
36.94000 0.982
36.96000 0.956
36.98000 0.960
37.00000 0.967
37.02000 0.977
37.04000 1.031
37.06000 1.030
37.08000 0.974
37.10000 0.967
37.12000 0.962
37.14000 0.957
37.16000 0.966
37.18000 0.948
37.20000 0.903
37.22000 0.941
37.24000 0.960
37.26000 0.962
37.28000 0.952
37.30000 0.930
37.32000 0.894
37.34000 0.883
37.36000 0.910
37.38000 0.977
37.40000 0.966
37.42000 0.968
37.44000 0.985
37.46000 1.046
37.48000 1.047
37.50000 0.988
37.52000 0.968
37.54000 0.948
37.56000 0.928
37.58000 0.993
37.60000 1.012
37.62000 0.985
37.64000 0.973
37.66000 0.949
37.68000 0.915
37.70000 0.926
37.72000 0.942
37.74000 0.961
37.76000 0.925
37.78000 0.923
37.80000 0.956
37.82000 0.973
37.84000 0.973
37.86000 0.955
37.88000 0.952
37.90000 0.938
37.92000 0.914
37.94000 0.947
37.96000 0.970
37.98000 0.983
38.00000 0.960
38.02000 0.950
38.04000 0.954
38.06000 0.964
38.08000 0.958
38.10000 0.935
38.12000 0.902
38.14000 0.912
38.16000 0.965
38.18000 0.955
38.20000 0.944
38.22000 0.934
38.24000 0.949
38.26000 0.943
38.28000 0.914
38.30000 0.917
38.32000 0.933
38.34000 0.964
38.36000 0.945
38.38000 0.938
38.40000 0.942
38.42000 0.923
38.44000 0.932
38.46000 0.967
38.48000 0.985
38.50000 0.979
38.52000 0.949
38.54000 0.928
38.56000 0.931
38.58000 0.959
38.60000 0.950
38.62000 0.950
38.64000 0.958
38.66000 0.948
38.68000 0.953
38.70000 0.973
38.72000 0.995
38.74000 0.994
38.76000 0.968
38.78000 0.945
38.80000 0.939
38.82000 0.953
38.84000 0.961
38.86000 0.979
38.88000 1.005
38.90000 0.944
38.92000 0.907
38.94000 0.894
38.96000 0.900
38.98000 0.925
39.00000 0.966
39.02000 0.954
39.04000 0.917
39.06000 0.853
39.08000 0.880
39.10000 0.903
39.12000 0.925
39.14000 0.922
39.16000 0.950
39.18000 1.007
39.20000 0.943
39.22000 0.937
39.24000 0.990
39.26000 0.939
39.28000 0.922
39.30000 0.938
39.32000 0.918
39.34000 0.921
39.36000 0.945
39.38000 0.934
39.40000 0.929
39.42000 0.929
39.44000 0.922
39.46000 0.918
39.48000 0.915
39.50000 0.914
39.52000 0.925
39.54000 0.948
39.56000 0.884
39.58000 0.865
39.60000 0.889
39.62000 0.916
39.64000 0.918
39.66000 0.896
39.68000 0.915
39.70000 0.922
39.72000 0.918
39.74000 0.871
39.76000 0.854
39.78000 0.869
39.80000 0.929
39.82000 0.964
39.84000 0.977
39.86000 0.940
39.88000 0.912
39.90000 0.893
39.92000 0.906
39.94000 0.917
39.96000 0.924
39.98000 0.938
40.00000 0.941
40.02000 0.932
40.05000 0.981
40.08000 0.925
40.11000 0.862
40.14000 0.865
40.17000 0.929
40.20000 0.921
40.23000 0.917
40.26000 0.914
40.29000 0.913
40.32000 0.874
40.35000 0.946
40.38000 0.903
40.41000 0.852
40.44000 0.872
40.47000 0.911
40.50000 0.871
40.53000 0.910
40.56000 0.869
40.59000 0.946
40.62000 0.914
40.65000 0.954
40.68000 0.927
40.71000 0.956
40.74000 0.977
40.77000 0.943
40.80000 0.900
40.83000 0.880
40.86000 0.943
40.89000 0.883
40.92000 0.916
40.95000 0.926
40.98000 0.895
41.01000 0.925
41.04000 0.890
41.07000 0.872
41.10000 0.942
41.13000 0.960
41.16000 0.861
41.19000 0.892
41.22000 0.962
41.25000 0.940
41.28000 0.896
41.31000 0.943
41.34000 0.863
41.37000 0.989
41.40000 0.887
41.43000 0.870
41.46000 0.838
41.49000 0.917
41.52000 0.874
41.55000 0.869
41.58000 0.928
41.61000 0.941
41.64000 0.884
41.67000 0.883
41.70000 0.847
41.73000 0.888
41.76000 0.914
41.79000 0.945
41.82000 0.909
41.85000 0.880
41.88000 0.922
41.91000 0.945
41.94000 0.884
41.97000 0.894
42.00000 0.865
42.03000 0.894
42.06000 0.903
42.09000 0.873
42.12000 0.855
42.15000 0.882
42.18000 0.933
42.21000 0.868
42.24000 0.849
42.27000 0.910
42.30000 0.904
42.33000 0.883
42.36000 0.909
42.39000 0.907
42.42000 0.900
42.45000 0.911
42.48000 0.900
42.51000 0.920
42.54000 0.947
42.57000 0.928
42.60000 0.893
42.63000 0.878
42.66000 0.826
42.69000 0.971
42.72000 0.903
42.75000 0.907
42.78000 0.905
42.81000 0.897
42.84000 0.924
42.87000 0.873
42.90000 0.889
42.93000 0.898
42.96000 0.878
42.99000 0.843
43.02000 0.852
43.05000 0.853
43.08000 0.891
43.11000 0.830
43.14000 0.905
43.17000 0.871
43.20000 0.917
43.23000 0.890
43.26000 0.872
43.29000 0.911
43.32000 0.878
43.35000 0.861
43.38000 0.897
43.41000 0.854
43.44000 0.932
43.47000 0.860
43.50000 0.866
43.53000 0.849
43.56000 0.870
43.59000 0.784
43.62000 0.860
43.65000 0.905
43.68000 0.876
43.71000 0.866
43.74000 0.864
43.77000 0.856
43.80000 0.834
43.83000 0.866
43.86000 0.916
43.89000 0.881
43.92000 0.830
43.95000 0.888
43.98000 0.854
44.01000 0.852
44.04000 0.870
44.07000 0.812
44.10000 0.829
44.13000 0.827
44.16000 0.851
44.19000 0.852
44.22000 0.801
44.25000 0.838
44.28000 0.895
44.31000 0.826
44.34000 0.821
44.37000 0.834
44.40000 0.833
44.43000 0.881
44.46000 0.880
44.49000 0.868
44.52000 0.855
44.55000 0.877
44.58000 0.886
44.61000 0.840
44.64000 0.842
44.67000 0.872
44.70000 0.862
44.73000 0.847
44.76000 0.875
44.79000 0.853
44.82000 0.818
44.85000 0.804
44.88000 0.871
44.91000 0.840
44.94000 0.864
44.97000 0.848
45.00000 0.899
45.03000 0.844
45.06000 0.887
45.09000 0.805
45.12000 0.849
45.15000 0.764
45.18000 0.848
45.21000 0.849
45.24000 0.842
45.27000 0.818
45.30000 0.823
45.33000 0.793
45.36000 0.746
45.39000 0.854
45.42000 0.908
45.45000 0.811
45.48000 0.819
45.51000 0.859
45.54000 0.841
45.57000 0.808
45.60000 0.831
45.63000 0.823
45.66000 0.790
45.69000 0.829
45.72000 0.881
45.75000 0.851
45.78000 0.877
45.81000 0.747
45.84000 0.766
45.87000 0.766
45.90000 0.864
45.93000 0.855
45.96000 0.844
45.99000 0.890
46.02000 0.825
46.05000 0.882
46.08000 0.840
46.11000 0.811
46.14000 0.805
46.17000 0.800
46.20000 0.859
46.23000 0.836
46.26000 0.812
46.29000 0.818
46.32000 0.802
46.35000 0.771
46.38000 0.779
46.41000 0.809
46.44000 0.751
46.47000 0.770
46.50000 0.796
46.53000 0.835
46.56000 0.804
46.59000 0.805
46.62000 0.745
46.65000 0.841
46.68000 0.812
46.71000 0.809
46.74000 0.806
46.77000 0.790
46.80000 0.800
46.83000 0.840
46.86000 0.845
46.89000 0.865
46.92000 0.804
46.95000 0.812
46.98000 0.806
47.01000 0.814
47.04000 0.835
47.07000 0.817
47.10000 0.798
47.13000 0.799
47.16000 0.801
47.19000 0.823
47.22000 0.751
47.25000 0.791
47.28000 0.801
47.31000 0.833
47.34000 0.800
47.37000 0.752
47.40000 0.772
47.43000 0.829
47.46000 0.818
47.49000 0.796
47.52000 0.809
47.55000 0.824
47.58000 0.872
47.61000 0.790
47.64000 0.783
47.67000 0.755
47.70000 0.794
47.73000 0.806
47.76000 0.852
47.79000 0.842
47.82000 0.825
47.85000 0.839
47.88000 0.830
47.91000 0.806
47.94000 0.718
47.97000 0.722
48.00000 0.734
48.03000 0.810
48.06000 0.845
48.09000 0.795
48.12000 0.796
48.15000 0.783
48.18000 0.751
48.21000 0.776
48.24000 0.758
48.27000 0.747
48.30000 0.750
48.33000 0.812
48.36000 0.824
48.39000 0.798
48.42000 0.792
48.45000 0.715
48.48000 0.774
48.51000 0.785
48.54000 0.771
48.57000 0.749
48.60000 0.842
48.63000 0.831
48.66000 0.754
48.69000 0.793
48.72000 0.796
48.75000 0.768
48.78000 0.678
48.81000 0.740
48.84000 0.722
48.87000 0.784
48.90000 0.715
48.93000 0.755
48.96000 0.761
48.99000 0.736
49.02000 0.705
49.05000 0.711
49.08000 0.738
49.11000 0.705
49.14000 0.714
49.17000 0.804
49.20000 0.739
49.23000 0.787
49.26000 0.766
49.29000 0.750
49.32000 0.785
49.35000 0.741
49.38000 0.775
49.41000 0.761
49.44000 0.786
49.47000 0.740
49.50000 0.741
49.53000 0.770
49.56000 0.746
49.59000 0.712
49.62000 0.750
49.65000 0.749
49.68000 0.729
49.71000 0.755
49.74000 0.709
49.77000 0.802
49.80000 0.710
49.83000 0.782
49.86000 0.774
49.89000 0.746
49.92000 0.714
49.95000 0.763
49.98000 0.709
50.01000 0.762
50.04000 0.735
50.07000 0.739
50.10000 0.732
50.13000 0.754
50.16000 0.782
50.19000 0.683
50.22000 0.731
50.25000 0.686
50.28000 0.714
50.31000 0.725
50.34000 0.720
50.37000 0.752
50.40000 0.763
50.43000 0.760
50.46000 0.763
50.49000 0.726
50.52000 0.743
50.55000 0.723
50.58000 0.657
50.61000 0.762
50.64000 0.707
50.67000 0.696
50.70000 0.741
50.73000 0.774
50.76000 0.751
50.79000 0.699
50.82000 0.676
50.85000 0.737
50.88000 0.746
50.91000 0.710
50.94000 0.680
50.97000 0.699
51.00000 0.708
51.03000 0.693
51.06000 0.735
51.09000 0.707
51.12000 0.726
51.15000 0.671
51.18000 0.688
51.21000 0.717
51.24000 0.709
51.27000 0.744
51.30000 0.675
51.33000 0.695
51.36000 0.758
51.39000 0.760
51.42000 0.720
51.45000 0.707
51.48000 0.774
51.51000 0.678
51.54000 0.685
51.57000 0.688
51.60000 0.695
51.63000 0.773
51.66000 0.698
51.69000 0.728
51.72000 0.721
51.75000 0.731
51.78000 0.717
51.81000 0.731
51.84000 0.646
51.87000 0.680
51.90000 0.677
51.93000 0.679
51.96000 0.707
51.99000 0.753
52.02000 0.652
52.05000 0.667
52.08000 0.687
52.11000 0.664
52.14000 0.656
52.17000 0.661
52.20000 0.749
52.23000 0.722
52.26000 0.726
52.29000 0.759
52.32000 0.711
52.35000 0.678
52.38000 0.724
52.41000 0.652
52.44000 0.706
52.47000 0.669
52.50000 0.684
52.53000 0.708
52.56000 0.670
52.59000 0.700
52.62000 0.690
52.65000 0.686
52.68000 0.699
52.71000 0.705
52.74000 0.657
52.77000 0.672
52.80000 0.726
52.83000 0.685
52.86000 0.715
52.89000 0.697
52.92000 0.712
52.95000 0.714
52.98000 0.695
53.01000 0.639
53.04000 0.683
53.07000 0.666
53.10000 0.675
53.13000 0.678
53.16000 0.645
53.19000 0.719
53.22000 0.692
53.25000 0.663
53.28000 0.675
53.31000 0.637
53.34000 0.684
53.37000 0.733
53.40000 0.699
53.43000 0.696
53.46000 0.736
53.49000 0.677
53.52000 0.657
53.55000 0.675
53.58000 0.659
53.61000 0.687
53.64000 0.666
53.67000 0.705
53.70000 0.651
53.73000 0.689
53.76000 0.748
53.79000 0.639
53.82000 0.704
53.85000 0.679
53.88000 0.706
53.91000 0.683
53.94000 0.672
53.97000 0.696
54.00000 0.681
54.03000 0.673
54.06000 0.709
54.09000 0.643
54.12000 0.734
54.15000 0.748
54.18000 0.679
54.21000 0.712
54.24000 0.612
54.27000 0.700
54.30000 0.688
54.33000 0.676
54.36000 0.654
54.39000 0.697
54.42000 0.651
54.45000 0.607
54.48000 0.648
54.51000 0.625
54.54000 0.667
54.57000 0.611
54.60000 0.626
54.63000 0.694
54.66000 0.647
54.69000 0.702
54.72000 0.658
54.75000 0.632
54.78000 0.693
54.81000 0.659
54.84000 0.689
54.87000 0.662
54.90000 0.663
54.93000 0.722
54.96000 0.703
54.99000 0.666
55.02000 0.711
55.05000 0.721
55.08000 0.669
55.11000 0.610
55.14000 0.662
55.17000 0.680
55.20000 0.649
55.23000 0.641
55.26000 0.636
55.29000 0.674
55.32000 0.676
55.35000 0.689
55.38000 0.641
55.41000 0.621
55.44000 0.631
55.47000 0.595
55.50000 0.635
55.53000 0.689
55.56000 0.646
55.59000 0.676
55.62000 0.678
55.65000 0.641
55.68000 0.680
55.71000 0.627
55.74000 0.707
55.77000 0.580
55.80000 0.652
55.83000 0.670
55.86000 0.686
55.89000 0.627
55.92000 0.668
55.95000 0.647
55.98000 0.563
56.01000 0.626
56.04000 0.656
56.07000 0.636
56.10000 0.603
56.13000 0.677
56.16000 0.681
56.19000 0.664
56.22000 0.636
56.25000 0.646
56.28000 0.626
56.31000 0.637
56.34000 0.624
56.37000 0.662
56.40000 0.669
56.43000 0.670
56.46000 0.710
56.49000 0.686
56.52000 0.605
56.55000 0.625
56.58000 0.610
56.61000 0.663
56.64000 0.656
56.67000 0.606
56.70000 0.638
56.73000 0.634
56.76000 0.636
56.79000 0.673
56.82000 0.644
56.85000 0.596
56.88000 0.609
56.91000 0.622
56.94000 0.595
56.97000 0.590
57.00000 0.660
57.03000 0.651
57.06000 0.714
57.09000 0.654
57.12000 0.633
57.15000 0.647
57.18000 0.679
57.21000 0.651
57.24000 0.592
57.27000 0.639
57.30000 0.635
57.33000 0.678
57.36000 0.657
57.39000 0.662
57.42000 0.677
57.45000 0.660
57.48000 0.648
57.51000 0.636
57.54000 0.543
57.57000 0.596
57.60000 0.624
57.63000 0.620
57.66000 0.612
57.69000 0.645
57.72000 0.613
57.75000 0.605
57.78000 0.618
57.81000 0.570
57.84000 0.641
57.87000 0.652
57.90000 0.605
57.93000 0.559
57.96000 0.590
57.99000 0.611
58.02000 0.629
58.05000 0.642
58.08000 0.639
58.11000 0.637
58.14000 0.660
58.17000 0.648
58.20000 0.618
58.23000 0.690
58.26000 0.623
58.29000 0.679
58.32000 0.609
58.35000 0.701
58.38000 0.640
58.41000 0.659
58.44000 0.634
58.47000 0.619
58.50000 0.641
58.53000 0.607
58.56000 0.642
58.59000 0.611
58.62000 0.594
58.65000 0.629
58.68000 0.628
58.71000 0.557
58.74000 0.595
58.77000 0.600
58.80000 0.633
58.83000 0.639
58.86000 0.589
58.89000 0.634
58.92000 0.629
58.95000 0.595
58.98000 0.594
59.01000 0.620
59.04000 0.646
59.07000 0.643
59.10000 0.607
59.13000 0.645
59.16000 0.604
59.19000 0.559
59.22000 0.628
59.25000 0.676
59.28000 0.663
59.31000 0.640
59.34000 0.630
59.37000 0.616
59.40000 0.559
59.43000 0.560
59.46000 0.560
59.49000 0.626
59.52000 0.654
59.55000 0.584
59.58000 0.631
59.61000 0.621
59.64000 0.568
59.67000 0.584
59.70000 0.629
59.73000 0.585
59.76000 0.561
59.79000 0.584
59.82000 0.591
59.85000 0.650
59.88000 0.659
59.91000 0.680
59.94000 0.653
59.97000 0.640
60.00000 0.612
60.03000 0.604
60.06000 0.613
60.09000 0.596
60.12000 0.591
60.15000 0.613
60.18000 0.601
60.21000 0.598
60.24000 0.605
60.27000 0.596
60.30000 0.605
60.33000 0.611
60.36000 0.600
60.39000 0.594
60.42000 0.595
60.45000 0.616
60.48000 0.601
60.51000 0.619
60.54000 0.614
60.57000 0.614
60.60000 0.601
60.63000 0.618
60.66000 0.610
60.69000 0.611
60.72000 0.608
60.75000 0.624
60.78000 0.617
60.81000 0.616
60.84000 0.607
60.87000 0.614
60.90000 0.616
60.93000 0.588
60.96000 0.588
60.99000 0.598
61.02000 0.597
61.05000 0.602
61.08000 0.602
61.11000 0.598
61.14000 0.597
61.17000 0.599
61.20000 0.601
61.23000 0.601
61.26000 0.589
61.29000 0.581
61.32000 0.577
61.35000 0.567
61.38000 0.566
61.41000 0.560
61.44000 0.588
61.47000 0.611
61.50000 0.626
61.53000 0.615
61.56000 0.625
61.59000 0.604
61.62000 0.606
61.65000 0.601
61.68000 0.592
61.71000 0.587
61.74000 0.595
61.77000 0.594
61.80000 0.594
61.83000 0.610
61.86000 0.620
61.89000 0.611
61.92000 0.614
61.95000 0.592
61.98000 0.599
62.01000 0.605
62.04000 0.597
62.07000 0.590
62.10000 0.577
62.13000 0.587
62.16000 0.598
62.19000 0.616
62.22000 0.602
62.25000 0.580
62.28000 0.594
62.31000 0.594
62.34000 0.576
62.37000 0.589
62.40000 0.589
62.43000 0.569
62.46000 0.576
62.49000 0.596
62.52000 0.596
62.55000 0.585
62.58000 0.590
62.61000 0.596
62.64000 0.578
62.67000 0.578
62.70000 0.605
62.73000 0.584
62.76000 0.564
62.79000 0.592
62.82000 0.584
62.85000 0.584
62.88000 0.592
62.91000 0.597
62.94000 0.597
62.97000 0.610
63.00000 0.607
63.03000 0.578
63.06000 0.568
63.09000 0.570
63.12000 0.585
63.15000 0.574
63.18000 0.594
63.21000 0.597
63.24000 0.588
63.27000 0.587
63.30000 0.589
63.33000 0.584
63.36000 0.587
63.39000 0.561
63.42000 0.570
63.45000 0.583
63.48000 0.576
63.51000 0.560
63.54000 0.573
63.57000 0.588
63.60000 0.605
63.63000 0.608
63.66000 0.603
63.69000 0.586
63.72000 0.578
63.75000 0.597
63.78000 0.572
63.81000 0.577
63.84000 0.590
63.87000 0.580
63.90000 0.559
63.93000 0.581
63.96000 0.584
63.99000 0.556
64.02000 0.567
64.05000 0.584
64.08000 0.587
64.11000 0.582
64.14000 0.572
64.17000 0.562
64.20000 0.555
64.23000 0.571
64.26000 0.561
64.29000 0.534
64.32000 0.547
64.35000 0.558
64.38000 0.569
64.41000 0.589
64.44000 0.579
64.47000 0.580
64.50000 0.575
64.53000 0.602
64.56000 0.602
64.59000 0.563
64.62000 0.558
64.65000 0.559
64.68000 0.565
64.71000 0.579
64.74000 0.597
64.77000 0.596
64.80000 0.561
64.83000 0.595
64.86000 0.598
64.89000 0.566
64.92000 0.573
64.95000 0.560
64.98000 0.568
65.01000 0.581
65.04000 0.569
65.07000 0.548
65.10000 0.547
65.13000 0.553
65.16000 0.553
65.19000 0.578
65.22000 0.589
65.25000 0.589
65.28000 0.589
65.31000 0.576
65.34000 0.576
65.37000 0.565
65.40000 0.546
65.43000 0.560
65.46000 0.556
65.49000 0.557
65.52000 0.548
65.55000 0.553
65.58000 0.562
65.61000 0.562
65.64000 0.578
65.67000 0.592
65.70000 0.584
65.73000 0.583
65.76000 0.575
65.79000 0.550
65.82000 0.541
65.85000 0.538
65.88000 0.547
65.91000 0.564
65.94000 0.563
65.97000 0.569
66.00000 0.570
66.03000 0.575
66.06000 0.577
66.09000 0.574
66.12000 0.566
66.15000 0.570
66.18000 0.563
66.21000 0.558
66.24000 0.555
66.27000 0.556
66.30000 0.557
66.33000 0.555
66.36000 0.571
66.39000 0.568
66.42000 0.581
66.45000 0.553
66.48000 0.567
66.51000 0.565
66.54000 0.568
66.57000 0.558
66.60000 0.558
66.63000 0.559
66.66000 0.549
66.69000 0.555
66.72000 0.575
66.75000 0.569
66.78000 0.553
66.81000 0.539
66.84000 0.552
66.87000 0.575
66.90000 0.571
66.93000 0.553
66.96000 0.552
66.99000 0.562
67.02000 0.561
67.05000 0.556
67.08000 0.548
67.11000 0.536
67.14000 0.547
67.17000 0.559
67.20000 0.552
67.23000 0.539
67.26000 0.546
67.29000 0.568
67.32000 0.569
67.35000 0.559
67.38000 0.563
67.41000 0.568
67.44000 0.558
67.47000 0.539
67.50000 0.522
67.53000 0.540
67.56000 0.553
67.59000 0.560
67.62000 0.544
67.65000 0.539
67.68000 0.555
67.71000 0.561
67.74000 0.540
67.77000 0.540
67.80000 0.555
67.83000 0.545
67.86000 0.539
67.89000 0.533
67.92000 0.545
67.95000 0.550
67.98000 0.551
68.01000 0.551
68.04000 0.552
68.07000 0.556
68.10000 0.576
68.13000 0.561
68.16000 0.553
68.19000 0.542
68.22000 0.559
68.25000 0.561
68.28000 0.556
68.31000 0.554
68.34000 0.549
68.37000 0.544
68.40000 0.548
68.43000 0.547
68.46000 0.547
68.49000 0.544
68.52000 0.541
68.55000 0.524
68.58000 0.535
68.61000 0.537
68.64000 0.556
68.67000 0.551
68.70000 0.529
68.73000 0.539
68.76000 0.547
68.79000 0.551
68.82000 0.549
68.85000 0.538
68.88000 0.528
68.91000 0.535
68.94000 0.561
68.97000 0.551
69.00000 0.550
69.03000 0.536
69.06000 0.533
69.09000 0.532
69.12000 0.554
69.15000 0.558
69.18000 0.554
69.21000 0.541
69.24000 0.543
69.27000 0.543
69.30000 0.538
69.33000 0.545
69.36000 0.548
69.39000 0.542
69.42000 0.532
69.45000 0.520
69.48000 0.523
69.51000 0.534
69.54000 0.547
69.57000 0.549
69.60000 0.551
69.63000 0.550
69.66000 0.549
69.69000 0.557
69.72000 0.552
69.75000 0.549
69.78000 0.566
69.81000 0.564
69.84000 0.543
69.87000 0.534
69.90000 0.537
69.93000 0.547
69.96000 0.543
69.99000 0.535
70.00000 0.531
70.05000 0.543
70.10000 0.522
70.15000 0.501
70.20000 0.520
70.25000 0.520
70.30000 0.525
70.35000 0.502
70.40000 0.502
70.45000 0.498
70.50000 0.530
70.55000 0.533
70.60000 0.527
70.65000 0.546
70.70000 0.550
70.75000 0.562
70.80000 0.537
70.85000 0.538
70.90000 0.527
70.95000 0.569
71.00000 0.521
71.05000 0.557
71.10000 0.558
71.15000 0.567
71.20000 0.541
71.25000 0.507
71.30000 0.538
71.35000 0.517
71.40000 0.503
71.45000 0.499
71.50000 0.490
71.55000 0.519
71.60000 0.505
71.65000 0.495
71.70000 0.510
71.75000 0.530
71.80000 0.518
71.85000 0.501
71.90000 0.528
71.95000 0.520
72.00000 0.524
72.05000 0.546
72.10000 0.534
72.15000 0.546
72.20000 0.519
72.25000 0.523
72.30000 0.533
72.35000 0.533
72.40000 0.513
72.45000 0.531
72.50000 0.503
72.55000 0.519
72.60000 0.537
72.65000 0.536
72.70000 0.503
72.75000 0.517
72.80000 0.498
72.85000 0.513
72.90000 0.500
72.95000 0.474
73.00000 0.494
73.05000 0.510
73.10000 0.522
73.15000 0.512
73.20000 0.520
73.25000 0.509
73.30000 0.510
73.35000 0.524
73.40000 0.513
73.45000 0.530
73.50000 0.511
73.55000 0.507
73.60000 0.535
73.65000 0.531
73.70000 0.501
73.75000 0.528
73.80000 0.516
73.85000 0.495
73.90000 0.504
73.95000 0.525
74.00000 0.520
74.05000 0.501
74.10000 0.525
74.15000 0.521
74.20000 0.501
74.25000 0.493
74.30000 0.469
74.35000 0.512
74.40000 0.504
74.45000 0.501
74.50000 0.502
74.55000 0.535
74.60000 0.490
74.65000 0.465
74.70000 0.500
74.75000 0.518
74.80000 0.518
74.85000 0.504
74.90000 0.502
74.95000 0.521
75.00000 0.487
75.05000 0.489
75.10000 0.495
75.15000 0.512
75.20000 0.499
75.25000 0.486
75.30000 0.496
75.35000 0.496
75.40000 0.488
75.45000 0.494
75.50000 0.505
75.55000 0.475
75.60000 0.474
75.65000 0.476
75.70000 0.479
75.75000 0.493
75.80000 0.481
75.85000 0.511
75.90000 0.506
75.95000 0.489
76.00000 0.492
76.05000 0.510
76.10000 0.508
76.15000 0.490
76.20000 0.511
76.25000 0.501
76.30000 0.501
76.35000 0.511
76.40000 0.517
76.45000 0.487
76.50000 0.506
76.55000 0.486
76.60000 0.496
76.65000 0.508
76.70000 0.481
76.75000 0.499
76.80000 0.484
76.85000 0.479
76.90000 0.467
76.95000 0.501
77.00000 0.495
77.05000 0.486
77.10000 0.482
77.15000 0.493
77.20000 0.483
77.25000 0.510
77.30000 0.506
77.35000 0.507
77.40000 0.470
77.45000 0.463
77.50000 0.513
77.55000 0.474
77.60000 0.486
77.65000 0.494
77.70000 0.490
77.75000 0.511
77.80000 0.461
77.85000 0.476
77.90000 0.488
77.95000 0.480
78.00000 0.494
78.05000 0.492
78.10000 0.489
78.15000 0.547
78.20000 0.484
78.25000 0.466
78.30000 0.498
78.35000 0.504
78.40000 0.473
78.45000 0.487
78.50000 0.497
78.55000 0.501
78.60000 0.498
78.65000 0.513
78.70000 0.489
78.75000 0.453
78.80000 0.493
78.85000 0.436
78.90000 0.482
78.95000 0.486
79.00000 0.474
79.05000 0.466
79.10000 0.478
79.15000 0.490
79.20000 0.460
79.25000 0.471
79.30000 0.488
79.35000 0.469
79.40000 0.451
79.45000 0.491
79.50000 0.484
79.55000 0.500
79.60000 0.502
79.65000 0.470
79.70000 0.467
79.75000 0.456
79.80000 0.487
79.85000 0.460
79.90000 0.469
79.95000 0.475
80.00000 0.474
80.05000 0.448
80.10000 0.447
80.15000 0.469
80.20000 0.480
80.25000 0.457
80.30000 0.467
80.35000 0.454
80.40000 0.471
80.45000 0.438
80.50000 0.485
80.55000 0.475
80.60000 0.481
80.65000 0.499
80.70000 0.485
80.75000 0.484
80.80000 0.480
80.85000 0.492
80.90000 0.496
80.95000 0.491
81.00000 0.490
81.05000 0.476
81.10000 0.474
81.15000 0.465
81.20000 0.476
81.25000 0.481
81.30000 0.496
81.35000 0.484
81.40000 0.491
81.45000 0.469
81.50000 0.466
81.55000 0.463
81.60000 0.470
81.65000 0.457
81.70000 0.456
81.75000 0.474
81.80000 0.478
81.85000 0.468
81.90000 0.477
81.95000 0.442
82.00000 0.459
82.05000 0.480
82.10000 0.466
82.15000 0.470
82.20000 0.453
82.25000 0.476
82.30000 0.488
82.35000 0.471
82.40000 0.482
82.45000 0.460
82.50000 0.478
82.55000 0.460
82.60000 0.475
82.65000 0.470
82.70000 0.478
82.75000 0.488
82.80000 0.483
82.85000 0.440
82.90000 0.463
82.95000 0.449
83.00000 0.474
83.05000 0.479
83.10000 0.473
83.15000 0.489
83.20000 0.464
83.25000 0.475
83.30000 0.461
83.35000 0.484
83.40000 0.456
83.45000 0.463
83.50000 0.456
83.55000 0.488
83.60000 0.442
83.65000 0.486
83.70000 0.456
83.75000 0.476
83.80000 0.483
83.85000 0.457
83.90000 0.451
83.95000 0.442
84.00000 0.457
84.05000 0.468
84.10000 0.469
84.15000 0.454
84.20000 0.455
84.25000 0.462
84.30000 0.476
84.35000 0.477
84.40000 0.471
84.45000 0.441
84.50000 0.445
84.55000 0.461
84.60000 0.439
84.65000 0.469
84.70000 0.475
84.75000 0.492
84.80000 0.465
84.85000 0.453
84.90000 0.447
84.95000 0.462
85.00000 0.473
85.05000 0.443
85.10000 0.470
85.15000 0.466
85.20000 0.438
85.25000 0.458
85.30000 0.476
85.35000 0.479
85.40000 0.458
85.45000 0.474
85.50000 0.463
85.55000 0.476
85.60000 0.472
85.65000 0.468
85.70000 0.492
85.75000 0.496
85.80000 0.449
85.85000 0.453
85.90000 0.460
85.95000 0.458
86.00000 0.459
86.05000 0.459
86.10000 0.439
86.15000 0.437
86.20000 0.440
86.25000 0.471
86.30000 0.463
86.35000 0.463
86.40000 0.456
86.45000 0.450
86.50000 0.465
86.55000 0.452
86.60000 0.468
86.65000 0.474
86.70000 0.443
86.75000 0.473
86.80000 0.489
86.85000 0.447
86.90000 0.472
86.95000 0.455
87.00000 0.479
87.05000 0.483
87.10000 0.441
87.15000 0.461
87.20000 0.474
87.25000 0.461
87.30000 0.481
87.35000 0.454
87.40000 0.463
87.45000 0.442
87.50000 0.470
87.55000 0.468
87.60000 0.458
87.65000 0.466
87.70000 0.454
87.75000 0.444
87.80000 0.468
87.85000 0.467
87.90000 0.446
87.95000 0.470
88.00000 0.487
88.05000 0.472
88.10000 0.499
88.15000 0.458
88.20000 0.475
88.25000 0.439
88.30000 0.481
88.35000 0.455
88.40000 0.450
88.45000 0.441
88.50000 0.446
88.55000 0.462
88.60000 0.460
88.65000 0.468
88.70000 0.443
88.75000 0.460
88.80000 0.478
88.85000 0.431
88.90000 0.447
88.95000 0.457
89.00000 0.478
89.05000 0.435
89.10000 0.472
89.15000 0.457
89.20000 0.451
89.25000 0.451
89.30000 0.458
89.35000 0.445
89.40000 0.501
89.45000 0.479
89.50000 0.457
89.55000 0.436
89.60000 0.416
89.65000 0.446
89.70000 0.470
89.75000 0.512
89.80000 0.475
89.85000 0.462
89.90000 0.438
89.95000 0.455
90.00000 0.440
90.05000 0.455
90.10000 0.442
90.15000 0.469
90.20000 0.476
90.25000 0.446
90.30000 0.443
90.35000 0.468
90.40000 0.458
90.45000 0.473
90.50000 0.466
90.55000 0.450
90.60000 0.451
90.65000 0.454
90.70000 0.470
90.75000 0.447
90.80000 0.456
90.85000 0.479
90.90000 0.462
90.95000 0.460
91.00000 0.451
91.05000 0.479
91.10000 0.459
91.15000 0.442
91.20000 0.465
91.25000 0.449
91.30000 0.457
91.35000 0.451
91.40000 0.432
91.45000 0.457
91.50000 0.487
91.55000 0.469
91.60000 0.430
91.65000 0.477
91.70000 0.449
91.75000 0.450
91.80000 0.460
91.85000 0.442
91.90000 0.476
91.95000 0.459
92.00000 0.454
92.05000 0.470
92.10000 0.463
92.15000 0.456
92.20000 0.461
92.25000 0.480
92.30000 0.483
92.35000 0.438
92.40000 0.454
92.45000 0.457
92.50000 0.468
92.55000 0.482
92.60000 0.478
92.65000 0.477
92.70000 0.458
92.75000 0.461
92.80000 0.486
92.85000 0.474
92.90000 0.467
92.95000 0.418
93.00000 0.441
93.05000 0.473
93.10000 0.453
93.15000 0.458
93.20000 0.445
93.25000 0.475
93.30000 0.501
93.35000 0.472
93.40000 0.436
93.45000 0.444
93.50000 0.454
93.55000 0.470
93.60000 0.456
93.65000 0.480
93.70000 0.450
93.75000 0.456
93.80000 0.438
93.85000 0.454
93.90000 0.471
93.95000 0.468
94.00000 0.471
94.05000 0.470
94.10000 0.462
94.15000 0.487
94.20000 0.433
94.25000 0.443
94.30000 0.461
94.35000 0.464
94.40000 0.473
94.45000 0.471
94.50000 0.457
94.55000 0.465
94.60000 0.461
94.65000 0.459
94.70000 0.444
94.75000 0.447
94.80000 0.449
94.85000 0.461
94.90000 0.452
94.95000 0.454
95.00000 0.472
95.05000 0.456
95.10000 0.462
95.15000 0.459
95.20000 0.507
95.25000 0.462
95.30000 0.463
95.35000 0.481
95.40000 0.445
95.45000 0.449
95.50000 0.477
95.55000 0.447
95.60000 0.458
95.65000 0.479
95.70000 0.487
95.75000 0.479
95.80000 0.454
95.85000 0.469
95.90000 0.450
95.95000 0.484
96.00000 0.472
96.05000 0.463
96.10000 0.490
96.15000 0.442
96.20000 0.442
96.25000 0.461
96.30000 0.483
96.35000 0.460
96.40000 0.448
96.45000 0.446
96.50000 0.459
96.55000 0.463
96.60000 0.452
96.65000 0.476
96.70000 0.463
96.75000 0.447
96.80000 0.464
96.85000 0.453
96.90000 0.464
96.95000 0.450
97.00000 0.456
97.05000 0.461
97.10000 0.435
97.15000 0.438
97.20000 0.465
97.25000 0.472
97.30000 0.439
97.35000 0.435
97.40000 0.448
97.45000 0.486
97.50000 0.496
97.55000 0.456
97.60000 0.432
97.65000 0.463
97.70000 0.477
97.75000 0.469
97.80000 0.468
97.85000 0.487
97.90000 0.488
97.95000 0.471
98.00000 0.461
98.05000 0.458
98.10000 0.479
98.15000 0.490
98.20000 0.441
98.25000 0.468
98.30000 0.488
98.35000 0.480
98.40000 0.490
98.45000 0.455
98.50000 0.445
98.55000 0.463
98.60000 0.468
98.65000 0.495
98.70000 0.460
98.75000 0.467
98.80000 0.464
98.85000 0.484
98.90000 0.461
98.95000 0.458
99.00000 0.436
99.05000 0.471
99.10000 0.457
99.15000 0.439
99.20000 0.436
99.25000 0.454
99.30000 0.452
99.35000 0.427
99.40000 0.445
99.45000 0.468
99.50000 0.476
99.55000 0.470
99.60000 0.463
99.65000 0.465
99.70000 0.444
99.75000 0.476
99.80000 0.478
99.85000 0.474
99.90000 0.458
99.95000 0.456
100.00000 0.468
100.20000 0.462
100.40000 0.459
100.60000 0.484
100.80000 0.459
101.00000 0.426
101.20000 0.439
101.40000 0.484
101.60000 0.456
101.80000 0.446
102.00000 0.474
102.20000 0.470
102.40000 0.497
102.60000 0.476
102.80000 0.459
103.00000 0.492
103.20000 0.443
103.40000 0.471
103.60000 0.467
103.80000 0.474
104.00000 0.460
104.20000 0.469
104.40000 0.467
104.60000 0.484
104.80000 0.487
105.00000 0.498
105.20000 0.475
105.40000 0.491
105.60000 0.484
105.80000 0.473
106.00000 0.465
106.20000 0.476
106.40000 0.504
106.60000 0.483
106.80000 0.472
107.00000 0.477
107.20000 0.492
107.40000 0.479
107.60000 0.463
107.80000 0.482
108.00000 0.491
108.20000 0.496
108.40000 0.479
108.60000 0.491
108.80000 0.493
109.00000 0.488
109.20000 0.486
109.40000 0.482
109.60000 0.495
109.80000 0.482
110.00000 0.518
110.20000 0.503
110.40000 0.484
110.60000 0.512
110.80000 0.512
111.00000 0.504
111.20000 0.493
111.40000 0.500
111.60000 0.515
111.80000 0.490
112.00000 0.487
112.20000 0.494
112.40000 0.476
112.60000 0.510
112.80000 0.526
113.00000 0.506
113.20000 0.532
113.40000 0.540
113.60000 0.509
113.80000 0.553
114.00000 0.513
114.20000 0.517
114.40000 0.517
114.60000 0.504
114.80000 0.518
115.00000 0.516
115.20000 0.492
115.40000 0.531
115.60000 0.507
115.80000 0.519
116.00000 0.534
116.20000 0.544
116.40000 0.530
116.60000 0.551
116.80000 0.521
117.00000 0.551
117.20000 0.529
117.40000 0.566
117.60000 0.547
117.80000 0.541
118.00000 0.528
118.20000 0.532
118.40000 0.524
118.60000 0.540
118.80000 0.552
119.00000 0.536
119.20000 0.555
119.40000 0.557
119.60000 0.560
119.80000 0.559
120.00000 0.537
120.20000 0.553
120.40000 0.537
120.60000 0.547
120.80000 0.553
121.00000 0.542
121.20000 0.546
121.40000 0.562
121.60000 0.567
121.80000 0.553
122.00000 0.565
122.20000 0.576
122.40000 0.552
122.60000 0.571
122.80000 0.584
123.00000 0.586
123.20000 0.563
123.40000 0.590
123.60000 0.611
123.80000 0.583
124.00000 0.577
124.20000 0.573
124.40000 0.601
124.60000 0.584
124.80000 0.550
125.00000 0.596
125.20000 0.575
125.40000 0.588
125.60000 0.591
125.80000 0.595
126.00000 0.598
126.20000 0.575
126.40000 0.611
126.60000 0.613
126.80000 0.596
127.00000 0.613
127.20000 0.626
127.40000 0.593
127.60000 0.579
127.80000 0.608
128.00000 0.610
128.20000 0.632
128.40000 0.642
128.60000 0.629
128.80000 0.647
129.00000 0.624
129.20000 0.648
129.40000 0.676
129.60000 0.656
129.80000 0.674
130.00000 0.680
130.20000 0.631
130.40000 0.641
130.60000 0.641
130.80000 0.674
131.00000 0.650
131.20000 0.644
131.40000 0.643
131.60000 0.687
131.80000 0.672
132.00000 0.690
132.20000 0.708
132.40000 0.671
132.60000 0.707
132.80000 0.658
133.00000 0.670
133.20000 0.683
133.40000 0.651
133.60000 0.662
133.80000 0.662
134.00000 0.729
134.20000 0.670
134.40000 0.697
134.60000 0.666
134.80000 0.648
135.00000 0.714
135.20000 0.702
135.40000 0.682
135.60000 0.723
135.80000 0.709
136.00000 0.732
136.20000 0.673
136.40000 0.698
136.60000 0.690
136.80000 0.725
137.00000 0.757
137.20000 0.736
137.40000 0.730
137.60000 0.697
137.80000 0.822
138.00000 0.709
138.20000 0.757
138.40000 0.731
138.60000 0.717
138.80000 0.709
139.00000 0.733
139.20000 0.738
139.40000 0.707
139.60000 0.673
139.80000 0.656
140.00000 0.544
