P 0
363.796969   363.186025
350.325872   349.576274
347.782438   347.201825
346.369901   345.832617
340.672091   340.117475
287.091007   286.592719
282.324778   281.739831
275.491738   274.781137
274.776804   274.330511
250.724677   249.875422
248.423888   247.877938
207.260998   206.442074
173.377441   169.759439
169.755106   169.291482
154.056880   153.289950
127.192678   120.615282
95.783227   95.289272
78.564140   73.793578
56.591823   56.084869
31.265813   30.767526
27.578485   26.815888
20.476803   19.757536
19.753203   19.241916
19.224585   18.561646
18.557313   14.436691
12.096905   11.338642
8.730214   8.049943
-25.803284   -26.427227
-38.186814   -38.810757
-64.617723   -65.163672
-71.455095   -72.148365
-85.992095   -86.637702
-105.472974   -106.170577
-114.277499   -114.905775
-115.131088   -115.707368
-115.720367   -116.222988
-144.148759   -144.946019
-155.535714   -156.038334
-172.464494   -172.971447
